1.209265e+04 1.194540e+04 9.448743e+05 -5.537737e+10 2.508255e+04 -5.212869e+06 1.532003e+03 -2.483015e+05 1.290710e+04 1.135317e+04 1.364024e+07 -6.877725e+10 6.342220e+05 -1.704586e+08 2.013701e+04 -4.612346e+06  0  0  1
1.224946e+04 1.195964e+04 1.261260e+06 -5.702133e+10 2.917058e+04 -6.167490e+06 1.105614e+03 -1.854371e+05 1.429647e+04 1.413458e+04 1.797826e+07 -8.577444e+10 3.400859e+05 -8.900933e+07 1.473289e+04 -3.082653e+06  0  0  1
1.187678e+04 1.177767e+04 8.435040e+05 -5.328728e+10 3.745336e+04 -8.034200e+06 1.882814e+03 -3.609042e+05 1.427062e+04 1.433674e+04 1.349821e+07 -8.359212e+10 4.021204e+05 -1.047741e+08 3.035695e+04 -7.482694e+06  0  0  1
1.141448e+04 1.110127e+04 7.855567e+05 -4.901438e+10 2.498300e+04 -5.109625e+06 7.930896e+02 -1.167561e+05 1.186806e+04 1.013635e+04 1.182800e+07 -5.776732e+10 3.000268e+05 -7.578431e+07 1.165540e+04 -2.218089e+06  0  0  1
1.150070e+04 1.096583e+04 8.049941e+05 -4.980095e+10 2.101676e+04 -4.259707e+06 9.298625e+02 -1.360528e+05 1.113465e+04 9.494999e+03 1.019228e+07 -5.043039e+10 3.565046e+05 -9.447419e+07 2.647342e+04 -5.524265e+06  0  0  1
1.172505e+04 1.124349e+04 1.175508e+06 -5.200976e+10 2.083470e+04 -4.375489e+06 1.192375e+03 -1.870017e+05 1.090852e+04 9.339915e+03 1.217901e+07 -4.928396e+10 4.369817e+05 -1.135547e+08 1.475727e+04 -3.009069e+06  0  0  1
1.167278e+04 1.136917e+04 9.189282e+05 -5.142043e+10 3.673894e+04 -7.993634e+06 2.599927e+03 -5.008584e+05 1.155078e+04 1.065942e+04 1.357449e+07 -5.553326e+10 6.319146e+05 -1.740532e+08 4.009890e+04 -9.353179e+06  0  0  1
1.126012e+04 1.090189e+04 9.341609e+05 -4.769836e+10 3.309936e+04 -7.247758e+06 2.640168e+03 -4.748002e+05 1.206880e+04 1.102902e+04 1.043270e+07 -5.909919e+10 4.764694e+05 -1.266032e+08 5.062720e+04 -1.254253e+07  0  0  1
1.068940e+04 1.055507e+04 5.629310e+05 -4.263202e+10 9.782399e+03 -2.008494e+06 7.491589e+02 -1.077785e+05 1.053890e+04 9.697169e+03 6.777175e+06 -4.395278e+10 1.896561e+05 -4.974600e+07 8.023669e+03 -1.535350e+06  0  0  1
1.123765e+04 1.085850e+04 8.617003e+05 -4.747067e+10 7.616672e+03 -1.424774e+06 1.250963e+03 -2.048809e+05 1.156635e+04 1.033276e+04 9.203093e+06 -5.390274e+10 1.965105e+05 -4.976522e+07 8.930494e+03 -1.738244e+06  0  0  1
1.178097e+04 1.136779e+04 1.043445e+06 -5.247467e+10 1.970678e+04 -4.069410e+06 1.294162e+03 -1.962298e+05 1.355550e+04 1.225993e+04 1.212630e+07 -7.503388e+10 2.834850e+05 -7.250919e+07 1.581946e+04 -3.087353e+06  0  0  1
1.189696e+04 1.162929e+04 6.140793e+05 -5.338201e+10 7.346376e+03 -1.422977e+06 6.093503e+02 -8.794041e+04 1.367504e+04 1.248406e+04 1.305003e+07 -7.671416e+10 6.958515e+04 -1.593183e+07 4.111682e+03 -8.029493e+05  0  0  1
1.199620e+04 1.190689e+04 3.210429e+05 -5.419867e+10 1.406745e+04 -2.850460e+06 8.614352e+02 -1.452016e+05 1.225458e+04 1.133810e+04 8.094665e+06 -5.991385e+10 2.185767e+05 -5.598215e+07 1.002558e+04 -2.070513e+06  0  0  1
1.383417e+04 1.361820e+04 7.739800e+05 -7.331808e+10 1.754739e+04 -3.598306e+06 2.830955e+02 -3.407732e+04 1.391774e+04 1.284597e+04 7.085326e+06 -7.690567e+10 1.487723e+05 -3.583161e+07 1.071068e+04 -2.087321e+06  0  0  1
1.279134e+04 1.302586e+04 7.532026e+05 -6.220401e+10 1.119217e+04 -2.196029e+06 5.384064e+02 -7.188419e+04 1.213829e+04 1.094925e+04 5.810774e+06 -5.784080e+10 1.671585e+05 -4.132803e+07 9.694270e+03 -1.853951e+06  0  0  1
1.125343e+04 1.112928e+04 6.709326e+05 -4.753053e+10 5.970404e+03 -1.137406e+06 4.129346e+02 -5.420224e+04 1.116772e+04 1.062056e+04 5.399857e+06 -4.872767e+10 2.241961e+05 -5.727242e+07 1.691833e+04 -3.782793e+06  0  0  1
1.106455e+04 1.108237e+04 3.777152e+05 -4.575336e+10 9.661888e+03 -1.853995e+06 3.744745e+02 -4.970371e+04 1.129100e+04 1.026520e+04 5.547129e+06 -4.987978e+10 1.616843e+05 -3.978956e+07 7.920028e+03 -1.478720e+06  0  0  1
1.123510e+04 1.103011e+04 2.144787e+05 -4.718027e+10 1.160690e+04 -2.318412e+06 2.427774e+02 -2.907012e+04 1.059935e+04 9.660673e+03 4.039893e+06 -4.331490e+10 2.955440e+05 -7.584919e+07 3.850935e+03 -6.716665e+05  0  0  1
1.156841e+04 1.136008e+04 2.749132e+05 -5.019751e+10 2.495457e+04 -5.083979e+06 1.223416e+03 -2.156275e+05 1.185337e+04 1.125139e+04 4.166652e+06 -5.444312e+10 3.289214e+05 -8.341544e+07 1.960257e+04 -4.369677e+06  0  0  1
1.182328e+04 1.130947e+04 9.121497e+05 -5.281473e+10 1.365457e+04 -2.648963e+06 7.044048e+02 -1.033283e+05 1.228448e+04 1.014533e+04 1.256984e+07 -6.208665e+10 1.213456e+05 -3.067383e+07 6.002088e+03 -1.072813e+06  0  0  1
1.202892e+04 1.190039e+04 8.032326e+05 -5.470970e+10 1.507924e+04 -3.042439e+06 8.343560e+02 -1.250747e+05 1.437214e+04 1.416620e+04 1.383556e+07 -8.491536e+10 1.764323e+05 -4.376893e+07 5.154221e+03 -9.673922e+05  0  0  1
1.205739e+04 1.202348e+04 3.303705e+05 -5.478509e+10 4.581590e+03 -8.253293e+05 4.147205e+02 -5.665938e+04 1.453766e+04 1.483966e+04 6.436856e+06 -8.373602e+10 1.243563e+05 -2.986560e+07 2.937138e+03 -5.163813e+05  0  0  1
1.210581e+04 1.195287e+04 5.385948e+05 -5.533476e+10 8.301680e+03 -1.533528e+06 4.807316e+02 -6.410596e+04 1.276177e+04 1.223187e+04 7.927753e+06 -6.489087e+10 1.171673e+05 -2.795360e+07 1.570912e+04 -3.576320e+06  0  0  1
1.187065e+04 1.151937e+04 5.874250e+05 -5.312378e+10 1.688840e+04 -3.577392e+06 1.237085e+03 -1.978245e+05 1.145127e+04 9.926992e+03 9.244869e+06 -5.285394e+10 2.870329e+05 -7.362755e+07 8.487152e+03 -1.681206e+06  0  0  1
1.158342e+04 1.120635e+04 4.977637e+05 -5.042667e+10 1.706899e+04 -3.474834e+06 8.293076e+02 -1.193826e+05 1.170051e+04 1.023511e+04 8.315058e+06 -5.474657e+10 1.622260e+05 -4.049177e+07 6.624904e+03 -1.324665e+06  0  0  1
1.158322e+04 1.129211e+04 4.788063e+05 -5.041690e+10 6.440689e+03 -1.185938e+06 8.650213e+02 -1.279983e+05 1.165215e+04 1.080945e+04 6.928785e+06 -5.371833e+10 1.013611e+05 -2.392887e+07 7.074107e+03 -1.281554e+06  0  0  1
1.172471e+04 1.172594e+04 4.877738e+05 -5.172198e+10 1.836769e+04 -3.683787e+06 7.974983e+02 -1.295685e+05 1.288656e+04 1.293883e+04 5.352591e+06 -6.510126e+10 1.120075e+05 -2.664314e+07 9.233311e+03 -1.760631e+06  0  0  1
1.213311e+04 1.215843e+04 4.978787e+05 -5.557993e+10 1.831086e+04 -3.603000e+06 9.618457e+02 -1.755318e+05 1.391619e+04 1.380907e+04 6.057815e+06 -7.645053e+10 8.968089e+04 -2.089286e+07 1.014873e+04 -1.995220e+06  0  0  1
1.188474e+04 1.156558e+04 5.040795e+05 -5.322158e+10 1.512298e+04 -2.986496e+06 2.808282e+02 -3.374684e+04 1.232584e+04 1.171426e+04 4.318134e+06 -5.903832e+10 6.299769e+04 -1.449051e+07 3.331410e+03 -5.677329e+05  0  0  1
1.160662e+04 1.141012e+04 2.795437e+05 -5.054860e+10 8.096907e+03 -1.546293e+06 4.934835e+02 -6.804514e+04 1.147656e+04 1.069436e+04 4.541884e+06 -5.112810e+10 5.739579e+04 -1.279141e+07 8.170692e+03 -1.603595e+06  0  0  1
1.168213e+04 1.165375e+04 4.008645e+05 -5.129264e+10 1.356265e+04 -2.620851e+06 3.372179e+02 -4.065173e+04 1.160278e+04 1.060837e+04 5.119656e+06 -5.251783e+10 4.151945e+04 -9.631658e+06 5.565897e+03 -9.816342e+05  0  0  1
1.186702e+04 1.174784e+04 3.559327e+05 -5.299379e+10 1.858266e+04 -3.747642e+06 3.592689e+03 -6.884105e+05 1.256849e+04 1.282026e+04 4.392686e+06 -6.146606e+10 1.625536e+05 -3.899206e+07 8.990907e+03 -1.686567e+06  0  0  1
1.165946e+04 1.152365e+04 2.268647e+05 -5.101191e+10 6.063854e+03 -1.083145e+06 9.200087e+02 -1.275868e+05 1.189157e+04 1.140225e+04 2.761404e+06 -5.422217e+10 1.358646e+05 -3.250179e+07 5.204390e+03 -9.740170e+05  0  0  1
1.169602e+04 1.156572e+04 2.432334e+05 -5.135561e+10 8.277207e+03 -1.568408e+06 2.862408e+02 -3.444400e+04 1.126589e+04 1.058189e+04 3.685037e+06 -4.888574e+10 9.287483e+04 -2.169185e+07 2.426114e+03 -4.013899e+05  0  0  1
1.199400e+04 1.201975e+04 2.447373e+05 -5.414612e+10 8.011682e+03 -1.470864e+06 1.206194e+03 -1.894328e+05 1.285415e+04 1.312946e+04 4.398708e+06 -6.436036e+10 1.147185e+05 -2.740078e+07 5.449646e+03 -9.578389e+05  0  0  1
1.196506e+04 1.198333e+04 1.990602e+05 -5.385280e+10 7.575022e+03 -1.379955e+06 4.996656e+02 -6.799436e+04 1.275949e+04 1.282052e+04 2.336027e+06 -6.253849e+10 6.430733e+04 -1.508872e+07 8.120384e+03 -1.642106e+06  0  0  1
1.150529e+04 1.144886e+04 7.091372e+04 -4.953929e+10 1.968446e+03 -3.371476e+05 3.596716e+02 -4.355781e+04 1.144473e+04 1.068737e+04 2.036989e+06 -4.980539e+10 6.314791e+04 -1.436053e+07 2.073766e+03 -3.644902e+05  0  0  1
1.161366e+04 1.157017e+04 1.084941e+05 -5.054244e+10 1.371488e+03 -2.180909e+05 1.578605e+02 -1.775830e+04 1.124658e+04 1.080949e+04 1.455655e+06 -4.779478e+10 3.907960e+04 -8.462513e+06 4.308925e+03 -7.647053e+05  0  0  1
1.229578e+04 1.212850e+04 1.485070e+05 -5.701057e+10 5.157323e+03 -9.544456e+05 3.213864e+02 -4.821741e+04 1.394619e+04 1.446147e+04 3.117304e+06 -7.554892e+10 4.273062e+04 -9.354191e+06 4.586721e+03 -9.216815e+05  0  0  1
1.270829e+04 1.300187e+04 8.857036e+05 -6.141498e+10 7.813712e+03 -1.581452e+06 3.658528e+02 -4.849544e+04 1.289858e+04 1.295141e+04 7.687067e+04 -6.302016e+10 1.236992e+02 -1.328046e+04 6.423494e+01 -6.676235e+03  0  1  0
1.266761e+04 1.259430e+04 3.373825e+05 -6.077694e+10 9.720526e+02 -1.524297e+05 2.152854e+02 -2.672717e+04 1.251306e+04 1.246570e+04 2.215911e+04 -5.909826e+10 1.638317e+02 -2.083907e+04 7.405504e+01 -7.584289e+03  0  1  0
1.268857e+04 1.269843e+04 1.592257e+05 -6.091413e+10 1.957502e+03 -3.328231e+05 2.708355e+02 -3.457034e+04 1.246983e+04 1.245926e+04 7.011240e+03 -5.866291e+10 8.404024e+01 -8.677327e+03 9.202115e+01 -9.808688e+03  0  1  0
1.257901e+04 1.264236e+04 6.678033e+04 -5.977461e+10 1.820873e+03 -3.190235e+05 9.433837e+01 -9.649263e+03 1.253040e+04 1.253606e+04 5.286097e+03 -5.926387e+10 4.980495e+01 -4.271356e+03 3.316892e+01 -3.466013e+03  0  1  0
1.241613e+04 1.256122e+04 1.447407e+05 -5.818931e+10 2.141383e+03 -3.801903e+05 2.057129e+02 -2.414074e+04 1.264093e+04 1.259569e+04 1.169982e+04 -6.037278e+10 8.546467e+01 -8.580032e+03 7.868309e+01 -8.156571e+03  0  1  0
1.226657e+04 1.250246e+04 2.012436e+05 -5.674781e+10 1.318733e+03 -2.068125e+05 2.555830e+02 -3.280370e+04 1.277310e+04 1.273633e+04 2.205355e+04 -6.171389e+10 2.670972e+02 -3.437862e+04 4.552306e+01 -4.449995e+03  0  1  0
1.214519e+04 1.225639e+04 2.006273e+05 -5.557295e+10 4.917823e+03 -8.960246e+05 5.880705e+02 -9.300437e+04 1.287512e+04 1.277021e+04 3.252200e+04 -6.276066e+10 2.326442e+02 -3.016431e+04 2.216416e+01 -1.713772e+03  0  1  0
1.225036e+04 1.239655e+04 1.493467e+05 -5.656862e+10 7.141940e+03 -1.393510e+06 1.460254e+03 -2.664277e+05 1.272868e+04 1.270994e+04 1.899706e+04 -6.126161e+10 3.725011e+02 -5.065774e+04 5.167077e+01 -4.627240e+03  0  1  0
1.225969e+04 1.234786e+04 1.994214e+05 -5.668007e+10 3.517684e+03 -6.351768e+05 7.355943e+01 -1.061923e+04 1.264605e+04 1.260828e+04 7.991337e+03 -6.042274e+10 2.074414e+02 -2.769029e+04 4.465366e+01 -4.054332e+03  0  1  0
1.239584e+04 1.259116e+04 1.771200e+05 -5.800274e+10 5.730728e+02 -8.692224e+04 5.063677e+02 -7.572289e+04 1.269361e+04 1.269728e+04 1.239829e+04 -6.090407e+10 2.937408e+02 -3.902576e+04 3.949667e+01 -3.290586e+03  0  1  0
1.230449e+04 1.245832e+04 1.622832e+05 -5.710111e+10 2.100084e+03 -3.929279e+05 6.981008e+02 -1.124300e+05 1.271508e+04 1.269342e+04 5.160164e+03 -6.111814e+10 2.233952e+02 -3.004538e+04 4.287787e+01 -3.946037e+03  0  1  0
1.231440e+04 1.230009e+04 1.574810e+04 -5.713721e+10 1.384501e+02 -1.858627e+04 1.354592e+02 -1.562161e+04 1.266877e+04 1.267374e+04 6.893088e+02 -6.064853e+10 7.135263e+01 -7.443613e+03 2.519673e+01 -1.814328e+03  0  1  0
1.227482e+04 1.221611e+04 1.766153e+04 -5.675198e+10 6.790858e+02 -1.055822e+05 6.844749e+01 -6.184849e+03 1.269081e+04 1.269851e+04 7.162549e+02 -6.087095e+10 5.465757e+01 -5.065974e+03 2.424226e+01 -1.799960e+03  0  1  0
1.055164e+04 9.542825e+03 3.742517e+06 -4.278880e+10 6.998550e+04 -1.755952e+07 5.009665e+03 -9.123428e+05 1.280445e+04 1.275770e+04 5.355821e+04 -6.204638e+10 2.618545e+02 -3.499645e+04 5.515194e+01 -5.382531e+03  0  1  0
1.178373e+04 1.276868e+04 3.019673e+06 -5.331272e+10 8.695782e+04 -2.157827e+07 1.022190e+04 -1.959864e+06 1.267441e+04 1.261982e+04 3.824219e+04 -6.072101e+10 3.673551e+02 -5.029638e+04 1.373693e+02 -1.781519e+04  0  1  0
1.191167e+04 1.272542e+04 2.748663e+06 -5.440023e+10 1.708015e+05 -4.480855e+07 6.163474e+03 -1.270978e+06 1.275876e+04 1.266426e+04 5.023898e+04 -6.157984e+10 2.417590e+02 -3.261595e+04 5.281404e+01 -6.205962e+03  0  1  0
1.214835e+04 1.296692e+04 2.706227e+06 -5.663838e+10 1.862444e+05 -4.667292e+07 1.902040e+04 -4.056228e+06 1.269008e+04 1.259454e+04 4.306982e+04 -6.088117e+10 3.642375e+02 -4.656961e+04 5.541440e+01 -5.903203e+03  0  1  0
1.223808e+04 1.312363e+04 2.440207e+06 -5.739584e+10 1.602983e+05 -4.063062e+07 3.340622e+04 -7.694168e+06 1.261476e+04 1.255008e+04 1.891046e+04 -6.011284e+10 5.044675e+02 -6.963153e+04 5.319727e+01 -5.382039e+03  0  1  0
1.249797e+04 1.306443e+04 1.939409e+06 -5.974067e+10 1.117443e+05 -2.867108e+07 5.072918e+03 -1.053188e+06 1.264019e+04 1.255480e+04 2.582705e+04 -6.037121e+10 1.632187e+02 -1.899515e+04 3.300808e+01 -3.039824e+03  0  1  0
1.229440e+04 1.301665e+04 2.472408e+06 -5.795650e+10 2.882808e+05 -7.647288e+07 1.286913e+04 -2.658254e+06 1.265479e+04 1.258115e+04 2.348998e+04 -6.051710e+10 3.003571e+02 -3.977561e+04 8.263214e+01 -8.534522e+03  0  1  0
1.236959e+04 1.315215e+04 2.596781e+06 -5.874456e+10 2.285714e+05 -6.068881e+07 1.429502e+04 -2.975076e+06 1.279619e+04 1.286196e+04 2.911973e+04 -6.195196e+10 1.705929e+02 -1.989286e+04 4.072030e+01 -3.439830e+03  0  1  0
1.239094e+04 1.314828e+04 2.392844e+06 -5.887020e+10 7.578065e+04 -1.887374e+07 1.574924e+03 -2.681601e+05 1.278761e+04 1.283149e+04 7.263801e+03 -6.185545e+10 4.303976e+01 -3.748743e+03 2.529867e+01 -2.251153e+03  0  1  0
1.254914e+04 1.319419e+04 2.164418e+06 -6.034338e+10 1.923334e+04 -4.534182e+06 1.117432e+04 -2.378219e+06 1.261275e+04 1.264660e+04 6.181856e+03 -6.008738e+10 4.579815e+01 -4.065733e+03 2.790954e+01 -2.018939e+03  0  1  0
1.277984e+04 1.334897e+04 2.086878e+06 -6.263771e+10 1.059665e+05 -2.707772e+07 3.138037e+03 -5.717630e+05 1.255971e+04 1.254603e+04 3.841894e+03 -5.955552e+10 5.493370e+01 -5.324314e+03 2.554368e+01 -2.018784e+03  0  1  0
1.258823e+04 1.331784e+04 2.304388e+06 -6.079299e+10 5.832338e+04 -1.447133e+07 1.133310e+04 -2.475494e+06 1.262384e+04 1.261654e+04 1.045225e+03 -6.019657e+10 4.464971e+01 -3.903243e+03 1.602300e+01 -1.216153e+03  0  1  0
1.204241e+04 1.296022e+04 2.767335e+06 -5.564896e+10 1.849221e+05 -4.724448e+07 5.540184e+03 -1.115873e+06 1.268487e+04 1.267006e+04 1.550194e+03 -6.081124e+10 9.586225e+01 -1.006203e+04 2.417547e+01 -1.746230e+03  0  1  0
1.225718e+04 1.287724e+04 2.624027e+06 -5.765711e+10 9.306035e+04 -2.351440e+07 3.363621e+03 -6.846738e+05 1.276440e+04 1.279281e+04 1.356697e+04 -6.162192e+10 1.262770e+02 -1.434935e+04 2.366325e+01 -1.747510e+03  0  1  0
1.272480e+04 1.316895e+04 2.266395e+06 -6.215168e+10 1.061961e+05 -2.799759e+07 9.925540e+02 -1.525667e+05 1.290595e+04 1.288641e+04 1.002146e+04 -6.306806e+10 8.365006e+01 -7.743631e+03 3.725758e+01 -2.970277e+03  0  1  0
1.234709e+04 1.270356e+04 2.013371e+06 -5.828230e+10 2.631284e+05 -6.932627e+07 4.544787e+04 -1.086187e+07 1.285997e+04 1.287707e+04 5.456991e+03 -6.259402e+10 1.065085e+02 -1.157159e+04 2.523870e+01 -1.850368e+03  0  1  0
1.125869e+04 1.133368e+04 3.429623e+06 -4.871171e+10 1.214869e+05 -3.299791e+07 1.903974e+04 -4.372738e+06 1.282626e+04 1.279275e+04 2.371729e+04 -6.225660e+10 1.396362e+02 -1.458810e+04 4.633772e+01 -4.701324e+03  0  1  0
1.162286e+04 1.254971e+04 3.029934e+06 -5.182948e+10 1.844051e+05 -4.916099e+07 3.033326e+04 -7.547057e+06 1.283903e+04 1.280561e+04 9.930118e+03 -6.238152e+10 1.941547e+02 -2.259969e+04 3.607283e+01 -3.122926e+03  0  1  0
1.185652e+04 1.254273e+04 3.112507e+06 -5.403147e+10 3.298262e+05 -8.788796e+07 9.193523e+03 -2.022401e+06 1.267435e+04 1.270467e+04 8.363637e+03 -6.070800e+10 5.210479e+01 -4.496893e+03 3.223878e+01 -2.941873e+03  0  1  0
1.240468e+04 1.304884e+04 2.384631e+06 -5.900283e+10 2.363931e+05 -6.485793e+07 3.232347e+03 -6.512232e+05 1.256117e+04 1.254110e+04 1.143448e+03 -5.956902e+10 4.422250e+01 -3.743400e+03 2.142628e+01 -1.706793e+03  0  1  0
1.255458e+04 1.302611e+04 2.036089e+06 -6.034421e+10 2.910319e+04 -7.314422e+06 4.524154e+03 -8.920519e+05 1.258738e+04 1.260007e+04 2.453386e+03 -5.983167e+10 4.061705e+01 -3.384794e+03 2.570236e+01 -2.092135e+03  0  1  0
1.287106e+04 1.297785e+04 4.393145e+05 -6.288823e+10 1.531810e+04 -3.376208e+06 1.948459e+03 -3.563059e+05 1.263743e+04 1.263918e+04 4.462768e+02 -6.033290e+10 2.848160e+01 -2.167509e+03 2.666986e+01 -1.983614e+03  0  1  0
1.190897e+04 1.208183e+04 5.400190e+05 -5.346401e+10 3.627878e+04 -7.996927e+06 1.833060e+03 -3.143509e+05 1.266819e+04 1.265717e+04 7.069748e+02 -6.064268e+10 3.218787e+01 -2.545020e+03 1.895420e+01 -1.325315e+03  0  1  0
1.116168e+04 1.159893e+04 1.321065e+06 -4.698777e+10 1.204295e+05 -3.060217e+07 3.019384e+03 -5.311821e+05 1.274214e+04 1.272117e+04 2.319463e+03 -6.139123e+10 1.395489e+02 -1.696407e+04 2.620986e+01 -2.011016e+03  0  1  0
1.103988e+04 1.005010e+04 3.666147e+06 -4.689124e+10 1.020370e+05 -2.619710e+07 4.998908e+03 -9.367147e+05 1.276278e+04 1.275174e+04 3.904213e+03 -6.160142e+10 1.681456e+02 -1.917611e+04 4.380854e+01 -3.846665e+03  0  1  0
1.226770e+04 1.296774e+04 2.669453e+06 -5.777785e+10 1.780371e+05 -4.648064e+07 3.386605e+04 -7.938152e+06 1.278076e+04 1.276157e+04 8.190397e+03 -6.178613e+10 1.428924e+02 -1.710851e+04 3.157058e+01 -2.706891e+03  0  1  0
1.192006e+04 1.191259e+04 9.116382e+02 -5.334570e+10 1.674266e+02 -1.866805e+04 6.150753e+01 -5.843476e+03 1.293144e+04 1.234916e+04 2.385395e+06 -6.432383e+10 1.504925e+04 -3.213780e+06 1.451963e+03 -2.363658e+05  1  0  0
1.201028e+04 1.192722e+04 1.735140e+04 -5.420655e+10 2.662205e+02 -3.455495e+04 9.413146e+01 -9.803847e+03 1.375862e+04 1.365869e+04 3.803061e+06 -7.374988e+10 4.494891e+04 -1.007787e+07 1.515325e+03 -2.421825e+05  1  0  0
1.221535e+04 1.216904e+04 1.137622e+04 -5.617188e+10 5.733890e+02 -8.378878e+04 1.412543e+02 -1.561858e+04 1.696967e+04 1.604056e+04 7.469807e+06 -1.153781e+11 6.671190e+04 -1.532864e+07 3.873526e+03 -7.027520e+05  1  0  0
1.211534e+04 1.214722e+04 4.195879e+04 -5.522030e+10 6.962061e+02 -9.704734e+04 1.457252e+02 -1.587381e+04 1.755355e+04 1.669937e+04 4.510666e+06 -1.223902e+11 4.664348e+04 -1.056824e+07 1.118671e+03 -1.661282e+05  1  0  0
1.178225e+04 1.173722e+04 1.510807e+04 -5.206067e+10 1.836399e+02 -2.124327e+04 8.794653e+01 -8.114544e+03 1.430046e+04 1.453691e+04 2.017815e+06 -7.911607e+10 1.081908e+04 -2.089929e+06 5.218431e+02 -6.870490e+04  1  0  0
1.172423e+04 1.172378e+04 3.307251e+03 -5.151726e+10 1.689936e+02 -1.935763e+04 8.195926e+01 -8.104898e+03 1.251394e+04 1.243795e+04 5.399961e+05 -5.932229e+10 8.618534e+03 -1.632786e+06 6.281429e+02 -9.877454e+04  1  0  0
1.178484e+04 1.176199e+04 8.001511e+03 -5.208185e+10 2.732082e+02 -3.196374e+04 6.639269e+01 -5.989133e+03 1.234964e+04 1.212029e+04 8.759136e+05 -5.783971e+10 1.597058e+04 -3.174666e+06 5.414615e+02 -7.668894e+04  1  0  0
1.192692e+04 1.191532e+04 3.702145e+03 -5.341158e+10 3.187182e+02 -3.948845e+04 3.109623e+01 -2.397751e+03 1.171849e+04 1.146988e+04 9.356039e+05 -5.185005e+10 9.653333e+03 -1.886631e+06 6.119701e+02 -8.748669e+04  1  0  0
1.191022e+04 1.190439e+04 7.810385e+03 -5.325581e+10 2.008826e+02 -2.351531e+04 9.016378e+01 -9.886013e+03 1.238909e+04 1.233611e+04 1.708798e+06 -5.857241e+10 1.408507e+04 -2.811184e+06 1.081655e+03 -1.626712e+05  1  0  0
1.193722e+04 1.194967e+04 9.139781e+03 -5.351097e+10 5.112807e+02 -7.284592e+04 7.791112e+01 -7.239170e+03 1.165627e+04 1.125837e+04 8.745537e+05 -5.125024e+10 1.685643e+04 -3.372310e+06 1.013907e+03 -1.708865e+05  1  0  0
1.194317e+04 1.195244e+04 6.848351e+03 -5.356622e+10 3.479038e+02 -4.823560e+04 8.213716e+01 -8.207165e+03 1.178404e+04 1.150419e+04 1.128482e+06 -5.253819e+10 2.050130e+04 -4.138760e+06 2.744322e+03 -4.850734e+05  1  0  0
1.198125e+04 1.198865e+04 3.614508e+03 -5.392529e+10 6.361140e+02 -9.407914e+04 1.166551e+02 -1.247914e+04 1.215972e+04 1.173436e+04 1.138449e+06 -5.610268e+10 1.105672e+04 -2.212360e+06 8.605888e+02 -1.246141e+05  1  0  0
1.194388e+04 1.196849e+04 3.982508e+03 -5.357178e+10 1.167339e+02 -1.267734e+04 5.984876e+01 -5.546861e+03 1.184028e+04 1.177617e+04 5.718632e+05 -5.283244e+10 9.204273e+03 -1.700142e+06 9.190698e+02 -1.347353e+05  1  0  0
1.203664e+04 1.203481e+04 7.731798e+03 -5.445350e+10 2.247190e+02 -2.669460e+04 2.418972e+01 -1.789346e+03 1.421368e+04 1.420087e+04 5.016765e+06 -7.938169e+10 3.851405e+04 -8.981858e+06 2.534257e+03 -4.161306e+05  1  0  0
1.212247e+04 1.212266e+04 2.873276e+03 -5.527260e+10 1.865082e+02 -2.023330e+04 4.683968e+01 -4.850417e+03 1.270344e+04 1.189672e+04 2.461192e+06 -6.202637e+10 2.199674e+04 -4.762061e+06 1.085022e+03 -1.591703e+05  1  0  0
1.208072e+04 1.207775e+04 9.744782e+02 -5.487156e+10 1.523762e+02 -1.625535e+04 4.788610e+01 -3.827251e+03 1.352407e+04 1.324370e+04 2.919037e+06 -7.081371e+10 3.277484e+04 -7.187559e+06 1.363186e+03 -2.274123e+05  1  0  0
1.207492e+04 1.207019e+04 1.979968e+03 -5.481654e+10 1.482126e+02 -1.654871e+04 5.429775e+01 -4.823435e+03 1.331004e+04 1.312996e+04 3.955284e+06 -6.894655e+10 7.223822e+04 -1.731028e+07 3.771958e+03 -6.955151e+05  1  0  0
1.201851e+04 1.200968e+04 1.056304e+03 -5.427813e+10 1.486152e+02 -1.701435e+04 4.145330e+01 -4.120162e+03 1.272760e+04 1.188355e+04 3.437139e+06 -6.267758e+10 6.400642e+04 -1.511197e+07 1.488066e+03 -2.540534e+05  1  0  0
1.196784e+04 1.196525e+04 9.524211e+02 -5.379717e+10 1.827615e+02 -1.960394e+04 4.274695e+01 -3.483947e+03 1.275391e+04 1.196794e+04 3.458664e+06 -6.295219e+10 2.662409e+04 -5.621456e+06 4.038043e+02 -5.115018e+04  1  0  0
1.200889e+04 1.198404e+04 3.986403e+03 -5.418782e+10 6.481935e+01 -6.349457e+03 3.174674e+01 -2.625850e+03 1.147821e+04 1.095449e+04 1.341901e+06 -4.982045e+10 3.295834e+04 -7.509978e+06 6.003907e+02 -8.726596e+04  1  0  0
1.219378e+04 1.221082e+04 1.038318e+04 -5.596268e+10 1.407053e+02 -1.602791e+04 1.289247e+02 -1.395448e+04 1.240490e+04 1.219077e+04 1.758095e+06 -5.875008e+10 3.550003e+04 -7.809329e+06 1.563515e+03 -2.465178e+05  1  0  0
1.228078e+04 1.228966e+04 2.316582e+03 -5.680360e+10 1.514460e+02 -1.705037e+04 6.826407e+01 -6.089219e+03 1.289976e+04 1.254665e+04 2.257895e+06 -6.394194e+10 2.446254e+04 -5.414767e+06 2.388500e+03 -3.915712e+05  1  0  0
1.223704e+04 1.223286e+04 1.837054e+03 -5.637816e+10 1.485738e+02 -1.909916e+04 6.308742e+01 -6.092828e+03 1.195178e+04 1.147958e+04 7.847411e+05 -5.397050e+10 1.834332e+04 -4.032108e+06 3.586794e+02 -5.409397e+04  1  0  0
1.218368e+04 1.220281e+04 6.614090e+03 -5.586355e+10 2.369864e+02 -2.920259e+04 3.931428e+01 -3.426590e+03 1.264775e+04 1.258539e+04 1.247736e+06 -6.095617e+10 1.032784e+04 -2.083383e+06 6.745056e+02 -9.586858e+04  1  0  0
1.205459e+04 1.203039e+04 4.872252e+03 -5.462349e+10 1.067050e+02 -1.142974e+04 6.979200e+01 -6.668337e+03 1.219271e+04 1.160358e+04 1.122339e+06 -5.641468e+10 1.067649e+04 -2.168940e+06 1.003636e+03 -1.566143e+05  1  0  0
1.223080e+04 1.225248e+04 2.991605e+04 -5.632928e+10 1.349864e+02 -1.466335e+04 3.201288e+01 -2.707403e+03 1.230251e+04 1.188937e+04 9.633349e+05 -5.741553e+10 1.696977e+04 -3.609297e+06 9.179782e+02 -1.389861e+05  1  0  0
1.216985e+04 1.217463e+04 1.166877e+03 -5.572788e+10 8.265932e+01 -8.242403e+03 6.208664e+01 -5.671449e+03 1.277984e+04 1.236633e+04 1.534807e+06 -6.241401e+10 3.889910e+04 -8.538822e+06 1.128932e+03 -1.660001e+05  1  0  0
1.204291e+04 1.204231e+04 6.922832e+03 -5.451289e+10 1.430597e+02 -1.539193e+04 3.223051e+01 -2.491099e+03 1.242681e+04 1.213470e+04 1.361617e+06 -5.880137e+10 2.271008e+04 -4.710563e+06 4.981668e+02 -9.025889e+04  1  0  0
1.185261e+04 1.187004e+04 1.152227e+04 -5.271621e+10 1.524363e+02 -1.628691e+04 6.348932e+01 -5.837126e+03 1.211385e+04 1.168703e+04 1.251582e+06 -5.570830e+10 2.200293e+04 -4.629572e+06 1.475647e+03 -2.240728e+05  1  0  0
1.168500e+04 1.168079e+04 5.790768e+03 -5.115577e+10 2.593354e+02 -2.996016e+04 5.825247e+01 -5.167977e+03 1.221609e+04 1.173980e+04 1.629726e+06 -5.685165e+10 5.854518e+04 -1.327486e+07 1.385445e+03 -2.272293e+05  1  0  0
1.168543e+04 1.168716e+04 4.327364e+03 -5.115913e+10 1.367947e+02 -1.417918e+04 8.506655e+01 -9.344026e+03 1.223573e+04 1.176483e+04 1.143618e+06 -5.684004e+10 3.329550e+04 -7.241859e+06 1.333039e+03 -2.128427e+05  1  0  0
1.168028e+04 1.169351e+04 4.432511e+03 -5.111170e+10 3.130688e+02 -4.196791e+04 8.743820e+01 -1.030921e+04 1.200737e+04 1.209656e+04 9.638795e+05 -5.457096e+10 2.640406e+04 -5.374827e+06 1.599268e+03 -2.930810e+05  1  0  0
1.174394e+04 1.175757e+04 1.182828e+04 -5.170338e+10 1.231048e+02 -1.351169e+04 6.120700e+01 -5.670588e+03 1.212376e+04 1.183201e+04 2.438928e+06 -5.629786e+10 6.051758e+04 -1.369885e+07 2.319294e+03 -3.775516e+05  1  0  0
1.187542e+04 1.187659e+04 3.070305e+03 -5.292660e+10 7.094754e+01 -7.464232e+03 5.870873e+01 -5.552482e+03 1.261721e+04 1.226488e+04 1.494760e+06 -6.075356e+10 3.861239e+04 -8.542552e+06 9.324081e+02 -1.365795e+05  1  0  0
1.197299e+04 1.197505e+04 5.930749e+03 -5.384799e+10 1.767559e+02 -2.241075e+04 2.403306e+01 -2.260212e+03 1.258544e+04 1.201853e+04 1.310785e+06 -6.035815e+10 2.372507e+04 -5.125000e+06 1.198280e+03 -2.213898e+05  1  0  0
1.203457e+04 1.203147e+04 1.280554e+03 -5.443111e+10 1.441783e+02 -1.476738e+04 4.287882e+01 -3.615867e+03 1.275683e+04 1.221169e+04 1.360711e+06 -6.210712e+10 3.256698e+03 -5.515428e+05 1.202033e+03 -1.777283e+05  1  0  0
1.203760e+04 1.202153e+04 2.267811e+03 -5.446034e+10 6.532134e+01 -6.668945e+03 2.312562e+01 -1.782023e+03 1.243419e+04 1.228126e+04 2.180183e+05 -5.839802e+10 9.406813e+02 -1.362583e+05 2.831343e+02 -3.617746e+04  1  0  0
1.202998e+04 1.203029e+04 2.884219e+02 -5.438697e+10 8.069903e+01 -8.136848e+03 3.115408e+01 -2.448079e+03 1.255340e+04 1.249691e+04 5.012609e+04 -5.951176e+10 2.924933e+03 -4.822570e+05 1.555863e+02 -2.013247e+04  1  0  0
1.213562e+04 1.206438e+04 1.719826e+04 -5.540490e+10 1.327912e+02 -1.437493e+04 2.327121e+01 -1.734188e+03 1.262609e+04 1.253678e+04 4.270436e+04 -6.023651e+10 8.949497e+02 -1.296527e+05 4.680933e+02 -6.524259e+04  1  0  0
1.181118e+04 1.171588e+04 4.007197e+04 -5.234059e+10 3.755844e+02 -4.909779e+04 2.928176e+02 -3.697889e+04 1.251143e+04 1.245173e+04 8.725689e+04 -5.910910e+10 5.038478e+02 -6.814361e+04 5.658379e+01 -5.493259e+03  1  0  0
1.193433e+04 1.194695e+04 3.441311e+04 -5.349418e+10 3.848693e+02 -4.797772e+04 2.837613e+02 -3.383347e+04 1.282187e+04 1.291989e+04 5.344444e+04 -6.222420e+10 5.878659e+02 -8.345954e+04 1.773832e+02 -2.252444e+04  1  0  0
1.197532e+04 1.205808e+04 4.223901e+04 -5.388509e+10 1.767350e+02 -2.560981e+04 1.305371e+02 -1.338753e+04 1.287414e+04 1.300404e+04 4.808644e+04 -6.275710e+10 4.874228e+02 -6.927392e+04 6.659272e+01 -5.967516e+03  1  0  0
1.183753e+04 1.190008e+04 5.491506e+04 -5.259293e+10 2.838762e+02 -3.943257e+04 5.814758e+02 -8.020275e+04 1.263310e+04 1.262338e+04 7.238283e+04 -6.031927e+10 5.769262e+02 -7.754884e+04 1.755590e+02 -2.364327e+04  1  0  0
1.171823e+04 1.164617e+04 4.127919e+04 -5.147744e+10 3.086025e+02 -3.910938e+04 5.622762e+02 -8.294475e+04 1.240968e+04 1.238875e+04 7.920240e+04 -5.809855e+10 9.496546e+02 -1.347182e+05 6.357671e+01 -5.874001e+03  1  0  0
1.176023e+04 1.175445e+04 5.525848e+04 -5.187249e+10 1.256647e+03 -2.035067e+05 3.280255e+02 -4.148823e+04 1.234752e+04 1.230750e+04 7.275785e+04 -5.748497e+10 2.267873e+03 -3.752436e+05 1.366093e+02 -1.564659e+04  1  0  0
1.202153e+04 1.207943e+04 1.107933e+05 -5.435225e+10 9.270637e+02 -1.341165e+05 3.393805e+02 -4.309153e+04 1.257643e+04 1.261413e+04 1.960386e+05 -5.980253e+10 5.571238e+02 -7.799394e+04 4.107523e+02 -5.895169e+04  1  0  0
1.214003e+04 1.215054e+04 2.531499e+04 -5.545060e+10 5.879372e+02 -7.800454e+04 4.342839e+02 -5.532258e+04 1.272554e+04 1.269705e+04 1.243726e+05 -6.127372e+10 5.290723e+02 -7.295826e+04 3.779312e+01 -2.941003e+03  1  0  0
1.220446e+04 1.214228e+04 2.276824e+04 -5.607111e+10 6.307826e+02 -9.511792e+04 5.017653e+02 -6.620158e+04 1.261451e+04 1.266950e+04 7.236236e+04 -6.013261e+10 9.252117e+02 -1.337316e+05 9.168562e+01 -9.941021e+03  1  0  0
1.221978e+04 1.212418e+04 1.059332e+05 -5.625395e+10 1.955793e+02 -2.139607e+04 4.391414e+02 -5.489620e+04 1.267383e+04 1.250428e+04 2.024307e+05 -6.078353e+10 8.748263e+02 -1.258311e+05 8.834444e+01 -8.495439e+03  1  0  0
1.182743e+04 1.183959e+04 6.409287e+04 -5.250228e+10 5.888622e+02 -8.397279e+04 3.445034e+02 -4.302448e+04 1.241692e+04 1.220978e+04 1.743158e+05 -5.820949e+10 5.674438e+02 -7.804128e+04 8.509735e+01 -8.003505e+03  1  0  0
1.170368e+04 1.160794e+04 7.150679e+04 -5.135540e+10 6.000782e+02 -8.140719e+04 2.295976e+02 -2.614925e+04 1.240611e+04 1.223415e+04 2.727629e+05 -5.814383e+10 6.343096e+02 -9.337935e+04 5.657824e+01 -7.208061e+03  1  0  0
1.179770e+04 1.194564e+04 6.203697e+04 -5.222393e+10 4.971165e+02 -6.914656e+04 5.426444e+02 -7.835543e+04 1.251031e+04 1.269322e+04 2.251215e+05 -5.915517e+10 5.068637e+02 -7.059986e+04 8.614387e+01 -8.421400e+03  1  0  0
1.170108e+04 1.144291e+04 1.904280e+05 -5.138045e+10 8.507290e+02 -1.272691e+05 1.052129e+02 -1.033656e+04 1.243515e+04 1.224933e+04 4.385763e+05 -5.849912e+10 4.920178e+02 -7.274184e+04 6.034054e+01 -5.458135e+03  1  0  0
1.149202e+04 1.148393e+04 5.413068e+03 -4.939203e+10 2.330338e+02 -2.950256e+04 2.337401e+02 -2.707952e+04 1.219941e+04 1.223107e+04 9.207755e+04 -5.605098e+10 5.081496e+02 -7.277989e+04 6.932656e+01 -6.645515e+03  1  0  0
1.164870e+04 1.160659e+04 6.591956e+03 -5.082186e+10 3.342289e+02 -4.269582e+04 2.426460e+02 -3.009561e+04 1.239499e+04 1.242093e+04 1.352247e+04 -5.792657e+10 1.424396e+02 -1.597727e+04 7.029872e+01 -6.796643e+03  1  0  0
1.180478e+04 1.178687e+04 1.844298e+04 -5.227198e+10 4.615480e+02 -6.176963e+04 2.060464e+02 -2.519428e+04 1.244113e+04 1.243479e+04 2.014757e+04 -5.838436e+10 1.887800e+02 -2.289228e+04 6.153741e+01 -5.908471e+03  1  0  0
1.204041e+04 1.209960e+04 1.631349e+04 -5.449301e+10 1.887149e+02 -2.428173e+04 2.264497e+02 -3.212332e+04 1.266573e+04 1.266125e+04 1.461047e+04 -6.062363e+10 3.083638e+02 -4.033719e+04 3.642506e+01 -3.100600e+03  1  0  0
1.218537e+04 1.219436e+04 1.345512e+04 -5.588275e+10 3.509708e+02 -4.559520e+04 3.803366e+02 -5.068744e+04 1.294169e+04 1.288862e+04 2.337714e+04 -6.344199e+10 2.110072e+02 -2.558776e+04 5.265463e+01 -4.598528e+03  1  0  0
1.227990e+04 1.228114e+04 1.275838e+04 -5.679943e+10 2.264292e+02 -3.117464e+04 2.204846e+02 -3.011669e+04 1.303015e+04 1.307294e+04 4.064289e+04 -6.436555e+10 6.426710e+02 -8.508603e+04 1.770594e+02 -2.143510e+04  1  0  0
1.202219e+04 1.200114e+04 1.485760e+04 -5.431887e+10 9.974243e+01 -1.314060e+04 1.193858e+02 -1.248405e+04 1.256960e+04 1.238710e+04 1.361951e+05 -5.970937e+10 2.805928e+02 -3.376960e+04 5.302662e+01 -4.455665e+03  1  0  0
1.180414e+04 1.178265e+04 5.662375e+03 -5.226071e+10 2.035337e+02 -2.306561e+04 1.126433e+02 -1.154226e+04 1.214166e+04 1.216660e+04 2.544920e+04 -5.546640e+10 2.982820e+02 -4.035980e+04 2.987776e+01 -2.246088e+03  1  0  0
1.169925e+04 1.169491e+04 1.338586e+03 -5.128543e+10 1.761107e+02 -1.855602e+04 1.260683e+02 -1.428166e+04 1.207372e+04 1.207670e+04 3.136234e+04 -5.481723e+10 2.669788e+02 -3.478616e+04 2.042801e+01 -1.474544e+03  1  0  0
1.163681e+04 1.163778e+04 7.576296e+02 -5.071027e+10 4.464785e+02 -5.978739e+04 1.937828e+02 -2.166372e+04 1.220049e+04 1.221005e+04 1.130342e+04 -5.602801e+10 3.028401e+02 -3.791213e+04 3.787741e+01 -3.172739e+03  1  0  0
1.170659e+04 1.167060e+04 1.382931e+04 -5.135844e+10 4.635022e+02 -5.889626e+04 1.946087e+02 -2.421193e+04 1.235491e+04 1.235520e+04 4.719476e+04 -5.754684e+10 2.447733e+02 -2.935625e+04 4.959963e+01 -4.847871e+03  1  0  0
1.232276e+04 1.240784e+04 2.163552e+05 -5.730213e+10 2.106475e+02 -2.440253e+04 2.120101e+02 -2.432703e+04 1.272353e+04 1.275187e+04 1.604368e+05 -6.126829e+10 2.302001e+02 -2.689222e+04 1.579697e+01 -9.806646e+02  1  0  0
1.196767e+04 1.198519e+04 4.419288e+03 -5.379699e+10 2.828881e+02 -3.266618e+04 2.088334e+02 -2.931184e+04 1.277258e+04 1.277929e+04 1.885888e+05 -6.177795e+10 1.982587e+03 -3.751635e+05 2.618470e+02 -3.721251e+04  1  0  0
1.193132e+04 1.192005e+04 7.545800e+03 -5.345462e+10 3.216217e+02 -4.836187e+04 1.225759e+02 -1.390869e+04 1.258764e+04 1.251359e+04 2.387987e+05 -5.993255e+10 6.548521e+03 -1.231395e+06 8.472019e+02 -1.428745e+05  1  0  0
1.179476e+04 1.180870e+04 1.371126e+04 -5.217655e+10 6.711799e+02 -1.050364e+05 3.650435e+02 -4.480126e+04 1.254649e+04 1.231457e+04 2.014935e+05 -5.950577e+10 7.063928e+03 -1.356440e+06 1.926828e+02 -2.208476e+04  1  0  0
1.178438e+04 1.184139e+04 1.381423e+04 -5.207995e+10 1.191200e+03 -1.733196e+05 4.168291e+02 -5.434888e+04 1.250625e+04 1.229632e+04 2.166384e+05 -5.911140e+10 4.553595e+03 -8.399613e+05 5.450649e+02 -8.209181e+04  1  0  0
1.186468e+04 1.188552e+04 2.556364e+04 -5.283511e+10 3.768645e+02 -4.769703e+04 3.240341e+02 -4.453864e+04 1.231884e+04 1.211581e+04 2.104195e+05 -5.726141e+10 9.043645e+03 -1.719770e+06 3.186226e+02 -4.593155e+04  1  0  0
1.202097e+04 1.201623e+04 7.241105e+03 -5.430406e+10 2.439693e+02 -2.861975e+04 1.421994e+02 -1.671175e+04 1.247480e+04 1.243390e+04 2.033521e+05 -5.879372e+10 3.456138e+03 -6.690569e+05 3.883274e+02 -5.391923e+04  1  0  0
1.200306e+04 1.201300e+04 1.287943e+04 -5.413616e+10 6.970001e+02 -1.009599e+05 3.587981e+02 -4.627097e+04 1.259829e+04 1.256159e+04 8.403740e+04 -5.997480e+10 3.408739e+03 -6.213397e+05 1.387825e+02 -2.390930e+04  1  0  0
1.219159e+04 1.230542e+04 6.513277e+04 -5.596425e+10 8.098347e+02 -1.132528e+05 4.990616e+02 -6.536848e+04 1.284481e+04 1.294221e+04 7.237754e+04 -6.246656e+10 3.475916e+02 -5.147227e+04 1.167653e+02 -1.211876e+04  1  0  0
1.231560e+04 1.238386e+04 2.673197e+04 -5.715350e+10 9.175869e+02 -1.304203e+05 5.804270e+02 -8.348172e+04 1.302196e+04 1.308189e+04 4.011269e+04 -6.428015e+10 4.961245e+02 -6.838928e+04 1.515401e+02 -1.816855e+04  1  0  0
1.208991e+04 1.210380e+04 5.653498e+03 -5.496143e+10 6.607137e+02 -9.653019e+04 2.163349e+02 -2.436545e+04 1.255143e+04 1.233153e+04 1.624033e+05 -5.953882e+10 3.367453e+02 -4.554606e+04 3.533990e+02 -5.192436e+04  1  0  0
1.198428e+04 1.196894e+04 9.897289e+03 -5.395663e+10 5.850426e+02 -7.755950e+04 1.685703e+02 -1.986645e+04 1.221067e+04 1.218409e+04 6.570913e+04 -5.614906e+10 7.432332e+03 -1.550280e+06 2.542036e+02 -3.888512e+04  1  0  0
1.190061e+04 1.193036e+04 1.688929e+04 -5.316915e+10 7.995008e+02 -1.113596e+05 2.685433e+02 -3.404392e+04 1.232544e+04 1.216137e+04 1.050945e+05 -5.728222e+10 5.094248e+03 -1.008423e+06 1.741843e+02 -2.128245e+04  1  0  0
1.188599e+04 1.186860e+04 6.829933e+03 -5.302750e+10 8.566864e+02 -1.216107e+05 2.108758e+02 -3.166530e+04 1.233964e+04 1.237295e+04 1.270522e+04 -5.738282e+10 2.971603e+02 -3.523284e+04 3.036553e+01 -2.384853e+03  1  0  0
1.349912e+04 1.381970e+04 6.168153e+06 -7.189801e+10 3.112164e+05 -8.568680e+07 4.096155e+03 -7.074665e+05 1.727867e+04 1.810872e+04 1.947579e+07 -1.247827e+11 3.668060e+05 -9.740796e+07 5.012045e+03 -8.853078e+05  0  0  1
1.316057e+04 1.351286e+04 5.036107e+06 -6.780936e+10 1.040774e+05 -2.506264e+07 7.157663e+03 -1.392197e+06 1.490497e+04 1.461419e+04 1.005100e+07 -8.961080e+10 3.912398e+05 -1.052946e+08 1.280533e+04 -2.473328e+06  0  0  1
1.193281e+04 1.163008e+04 4.956927e+06 -5.552399e+10 3.604165e+04 -7.752799e+06 8.864876e+03 -1.773346e+06 1.135059e+04 9.247664e+03 2.129889e+07 -5.692295e+10 4.611172e+04 -1.074719e+07 5.861422e+03 -1.112589e+06  0  0  1
1.070183e+04 1.165008e+04 4.684743e+06 -4.440743e+10 1.029539e+05 -2.531263e+07 7.208733e+03 -1.526942e+06 7.656609e+03 7.007239e+03 3.891943e+06 -2.252887e+10 5.848861e+04 -1.349771e+07 2.004841e+03 -3.192561e+05  0  0  1
1.032699e+04 8.871183e+03 1.317899e+07 -4.484490e+10 5.322931e+04 -1.186020e+07 2.389417e+03 -4.652044e+05 8.973371e+03 9.085906e+03 5.901945e+06 -3.168935e+10 3.050869e+04 -6.354184e+06 4.230354e+03 -7.705802e+05  0  0  1
1.592181e+04 1.632968e+04 9.502024e+06 -1.021305e+11 6.282060e+04 -1.440835e+07 5.454433e+03 -1.081291e+06 1.072511e+04 1.156348e+04 3.548990e+06 -4.415027e+10 4.004350e+04 -8.729098e+06 1.776507e+03 -3.091912e+05  0  0  1
1.500567e+04 1.456645e+04 1.277699e+07 -9.199594e+10 2.923043e+04 -6.275526e+06 1.350463e+03 -1.948979e+05 1.246652e+04 1.270660e+04 1.972948e+06 -5.944630e+10 5.595907e+04 -1.297171e+07 1.945396e+03 -3.068169e+05  0  0  1
9.866001e+03 9.083451e+03 8.585756e+06 -3.930298e+10 5.038831e+04 -1.122854e+07 3.161886e+03 -5.243673e+05 1.146093e+04 1.057031e+04 4.578133e+06 -5.099835e+10 6.155377e+04 -1.427071e+07 2.925367e+03 -4.861820e+05  0  0  1
7.491691e+03 7.873517e+03 3.783079e+06 -2.152447e+10 2.828028e+04 -5.851918e+06 3.785791e+03 -7.041029e+05 9.942540e+03 1.007800e+04 2.932934e+06 -3.758717e+10 2.328671e+04 -4.741686e+06 8.753736e+02 -1.423030e+05  0  0  1
7.632418e+03 7.819046e+03 6.029423e+06 -2.323753e+10 3.884800e+04 -8.494732e+06 2.278324e+03 -4.210619e+05 1.074952e+04 1.034918e+04 6.946836e+06 -4.576980e+10 1.548966e+05 -3.972156e+07 2.735757e+03 -4.689395e+05  0  0  1
7.763343e+03 6.623770e+03 6.352884e+06 -2.413604e+10 3.215101e+04 -7.252700e+06 5.331940e+03 -9.608107e+05 1.063487e+04 1.007751e+04 9.867399e+06 -4.599912e+10 2.621568e+05 -6.957416e+07 4.036198e+03 -7.185159e+05  0  0  1
1.155080e+04 9.872870e+03 3.004609e+07 -6.234346e+10 4.164494e+04 -9.149689e+06 3.488618e+03 -6.653646e+05 1.258320e+04 1.089554e+04 1.584291e+07 -6.638684e+10 3.339675e+04 -7.669747e+06 3.680964e+03 -6.269945e+05  0  0  1
1.437677e+04 1.489272e+04 9.104110e+06 -8.297712e+10 7.545651e+04 -1.723430e+07 4.363605e+03 -8.277859e+05 1.473998e+04 1.496540e+04 5.217962e+06 -8.561357e+10 1.131832e+05 -2.695485e+07 4.471354e+03 -8.155905e+05  0  0  1
1.476663e+04 1.493513e+04 1.385365e+07 -8.956547e+10 4.406290e+05 -1.203997e+08 2.442649e+04 -5.465521e+06 1.623393e+04 1.657237e+04 2.320506e+07 -1.120330e+11 2.048553e+05 -5.309942e+07 4.981489e+03 -8.960694e+05  0  0  1
1.309511e+04 1.367074e+04 1.232546e+07 -7.016605e+10 1.222427e+05 -2.968157e+07 8.201445e+03 -1.507887e+06 1.599948e+04 1.525177e+04 2.272522e+07 -1.087441e+11 1.498769e+05 -3.627253e+07 1.022257e+04 -2.009818e+06  0  0  1
1.181901e+04 1.200504e+04 1.683926e+07 -5.935101e+10 1.770710e+05 -4.542466e+07 1.045205e+04 -2.078364e+06 1.037700e+04 1.150095e+04 1.967027e+07 -4.780999e+10 1.586935e+05 -3.979673e+07 6.668890e+03 -1.226698e+06  0  0  1
1.192921e+04 1.192336e+04 8.751322e+06 -5.705952e+10 2.827707e+05 -7.405839e+07 4.835680e+03 -9.667296e+05 1.111797e+04 1.203268e+04 1.574638e+07 -5.251926e+10 3.176906e+05 -8.501455e+07 4.251346e+03 -7.655124e+05  0  0  1
1.311201e+04 1.366975e+04 8.935702e+06 -6.891663e+10 2.021145e+05 -5.144564e+07 1.146752e+04 -2.320319e+06 1.297578e+04 1.378945e+04 1.783268e+07 -7.118113e+10 2.958397e+05 -7.864912e+07 6.948486e+03 -1.354003e+06  0  0  1
1.134288e+04 1.229878e+04 1.219473e+07 -5.305578e+10 2.268638e+05 -5.850913e+07 7.066991e+03 -1.390165e+06 1.148737e+04 1.311290e+04 1.056947e+07 -5.369198e+10 2.720026e+05 -7.292836e+07 1.955366e+03 -3.057397e+05  0  0  1
1.056777e+04 8.736049e+03 1.626003e+07 -4.806953e+10 7.262558e+04 -1.681762e+07 2.292295e+03 -4.290009e+05 1.139512e+04 9.447958e+03 2.212537e+07 -5.767942e+10 1.383817e+05 -3.463933e+07 3.833022e+03 -6.870277e+05  0  0  1
1.141221e+04 1.119163e+04 1.553048e+07 -5.508260e+10 7.988709e+04 -1.891729e+07 5.532205e+03 -1.011134e+06 1.251392e+04 1.178934e+04 2.320779e+07 -6.875269e+10 1.242061e+05 -3.078354e+07 5.015503e+03 -8.798214e+05  0  0  1
1.099251e+04 1.009858e+04 1.327469e+07 -5.042568e+10 1.029502e+05 -2.451176e+07 6.793141e+03 -1.298234e+06 1.174779e+04 1.031162e+04 2.654983e+07 -6.269676e+10 1.462529e+05 -3.492082e+07 1.385434e+04 -2.861268e+06  0  0  1
8.955196e+03 8.656778e+03 9.775439e+06 -3.316742e+10 5.793427e+04 -1.342713e+07 3.205458e+03 -5.621341e+05 9.428129e+03 9.743631e+03 2.050258e+07 -4.088443e+10 1.639840e+05 -4.082182e+07 9.181714e+03 -1.822539e+06  0  0  1
1.104206e+04 1.069217e+04 1.041025e+07 -4.968105e+10 9.153984e+04 -2.082862e+07 3.598079e+03 -6.660752e+05 1.347971e+04 1.265439e+04 3.203777e+07 -8.252398e+10 1.928360e+05 -4.908785e+07 1.426957e+04 -3.036916e+06  0  0  1
1.173891e+04 1.188572e+04 5.460406e+06 -5.390161e+10 2.153572e+05 -5.339631e+07 7.341356e+03 -1.364932e+06 1.340415e+04 1.362124e+04 9.776896e+06 -7.237767e+10 3.759516e+05 -9.906211e+07 1.153685e+04 -2.293592e+06  0  0  1
1.167457e+04 1.125273e+04 1.090734e+07 -5.556044e+10 1.813895e+05 -4.549785e+07 6.763037e+03 -1.419203e+06 1.355930e+04 1.248576e+04 1.448889e+07 -7.605056e+10 2.985877e+05 -7.551720e+07 1.356052e+04 -3.027498e+06  0  0  1
1.272354e+04 1.306712e+04 1.583326e+07 -6.777978e+10 2.760160e+05 -6.987756e+07 1.409175e+04 -2.719881e+06 1.573534e+04 1.602062e+04 5.275096e+06 -9.794513e+10 9.407076e+04 -2.157662e+07 8.735125e+03 -1.630532e+06  0  0  1
1.388605e+04 1.435597e+04 1.015929e+07 -7.783638e+10 5.827377e+05 -1.589153e+08 1.426945e+04 -2.859851e+06 1.477592e+04 1.529967e+04 7.184760e+06 -8.686401e+10 1.711952e+05 -4.208104e+07 1.263750e+04 -2.747299e+06  0  0  1
1.392374e+04 1.518378e+04 7.832124e+06 -7.726683e+10 1.467301e+05 -3.631054e+07 1.016844e+04 -2.014717e+06 1.231464e+04 1.208176e+04 7.387068e+06 -6.019518e+10 9.872728e+04 -2.326384e+07 7.141901e+03 -1.466377e+06  0  0  1
1.192935e+04 1.185618e+04 1.020709e+07 -5.764678e+10 1.525814e+05 -3.743273e+07 2.265519e+04 -5.013516e+06 1.123873e+04 1.206457e+04 6.877400e+06 -4.994286e+10 1.742740e+05 -4.553770e+07 3.803537e+03 -7.351208e+05  0  0  1
1.155024e+04 1.202578e+04 7.135988e+06 -5.285406e+10 6.009258e+05 -1.664243e+08 1.913027e+04 -4.589408e+06 1.132538e+04 1.153740e+04 6.519223e+06 -5.057479e+10 5.130465e+05 -1.366677e+08 2.510434e+04 -6.270351e+06  0  0  1
1.075399e+04 1.052448e+04 1.260511e+07 -4.810702e+10 2.430962e+05 -6.582842e+07 2.137211e+04 -4.659694e+06 1.153095e+04 1.241415e+04 1.651883e+07 -5.653651e+10 1.058722e+05 -2.499829e+07 1.323596e+04 -2.710955e+06  0  0  1
1.244171e+04 1.187885e+04 1.247124e+07 -6.355647e+10 5.030034e+05 -1.381140e+08 1.126130e+04 -2.334734e+06 1.284321e+04 1.362424e+04 1.474486e+07 -6.852727e+10 4.354866e+05 -1.179326e+08 6.454798e+03 -1.243550e+06  0  0  1
1.537513e+04 1.519496e+04 1.707846e+07 -9.838073e+10 1.234451e+05 -3.049376e+07 1.453040e+04 -2.930959e+06 1.557215e+04 1.675961e+04 1.758339e+07 -1.010512e+11 2.009221e+05 -5.080822e+07 1.415023e+04 -2.901334e+06  0  0  1
1.149876e+04 1.181097e+04 9.920675e+06 -5.355647e+10 2.390232e+05 -6.245134e+07 7.649579e+03 -1.399433e+06 1.263866e+04 1.169882e+04 1.134204e+07 -6.507532e+10 2.151071e+05 -5.496242e+07 2.283071e+04 -4.770482e+06  0  0  1
1.069324e+04 1.133056e+04 1.146288e+07 -4.710752e+10 4.151792e+05 -1.124022e+08 1.394571e+04 -2.897926e+06 1.202642e+04 1.068793e+04 1.063896e+07 -5.875861e+10 5.636316e+05 -1.533579e+08 2.115214e+04 -4.778087e+06  0  0  1
1.113573e+04 1.196438e+04 1.304617e+07 -5.153980e+10 3.978317e+05 -1.079774e+08 6.676955e+03 -1.206140e+06 1.207406e+04 1.346579e+04 1.460899e+07 -6.083041e+10 4.123777e+05 -1.123446e+08 4.219281e+03 -7.673302e+05  0  0  1
1.084896e+04 1.172397e+04 1.968548e+07 -5.174717e+10 6.319976e+05 -1.769314e+08 3.076328e+04 -6.874597e+06 1.140881e+04 1.063905e+04 1.595556e+07 -5.521266e+10 5.691966e+05 -1.602421e+08 2.472936e+04 -5.491438e+06  0  0  1
9.176450e+03 9.523666e+03 2.440402e+07 -4.056332e+10 1.884481e+05 -4.696543e+07 1.265526e+04 -2.521802e+06 1.103148e+04 1.026901e+04 2.268082e+07 -5.463414e+10 4.120700e+05 -1.078235e+08 2.558197e+04 -5.869093e+06  0  0  1
1.260106e+04 1.192176e+04 1.326057e+06 -6.052075e+10 2.509154e+03 -4.195607e+05 2.158216e+02 -2.536658e+04 1.301942e+04 1.296323e+04 1.874533e+04 -6.424486e+10 1.696442e+02 -1.778602e+04 7.447229e+01 -8.281210e+03  0  1  0
1.313677e+04 1.308926e+04 9.937850e+05 -6.587700e+10 9.345639e+03 -1.793119e+06 1.710795e+03 -2.913120e+05 1.296677e+04 1.295096e+04 3.603594e+04 -6.370637e+10 2.388353e+02 -2.845676e+04 7.967442e+01 -8.415516e+03  0  1  0
1.262099e+04 1.271556e+04 1.321881e+06 -6.071697e+10 8.586339e+03 -1.683959e+06 1.146399e+03 -1.738377e+05 1.327405e+04 1.337563e+04 8.563548e+04 -6.694651e+10 2.621711e+02 -3.194668e+04 6.651462e+01 -7.040313e+03  0  1  0
1.244080e+04 1.209089e+04 2.440744e+06 -5.938777e+10 6.534007e+03 -1.177970e+06 1.035204e+03 -1.524484e+05 1.326756e+04 1.321713e+04 5.594251e+04 -6.686532e+10 1.149198e+02 -1.306703e+04 4.473444e+01 -4.225160e+03  0  1  0
1.286078e+04 1.286046e+04 1.329903e+06 -6.315465e+10 1.213162e+04 -2.422823e+06 1.294767e+03 -2.205062e+05 1.265126e+04 1.261319e+04 1.729500e+05 -6.054376e+10 1.330798e+02 -1.456371e+04 3.652959e+01 -2.964151e+03  0  1  0
1.130782e+04 1.130194e+04 9.221057e+05 -4.811617e+10 1.078261e+04 -2.067238e+06 6.888907e+02 -1.080698e+05 1.214259e+04 1.212560e+04 1.844432e+04 -5.547244e+10 2.045149e+02 -2.646449e+04 8.487579e+01 -8.998958e+03  0  1  0
1.120421e+04 1.085243e+04 1.141720e+06 -4.728956e+10 1.249217e+04 -2.387659e+06 2.506696e+02 -3.020701e+04 1.211804e+04 1.208952e+04 2.037501e+04 -5.523728e+10 2.965207e+02 -3.920225e+04 5.851266e+01 -5.094602e+03  0  1  0
1.133882e+04 1.106462e+04 7.110669e+05 -4.830575e+10 8.272219e+03 -1.555482e+06 1.134457e+03 -1.745933e+05 1.228941e+04 1.225993e+04 2.048622e+04 -5.689523e+10 1.906246e+02 -2.255733e+04 7.339935e+01 -7.348751e+03  0  1  0
1.173757e+04 1.145245e+04 6.389568e+05 -5.190361e+10 6.270306e+03 -1.146178e+06 4.938964e+02 -6.472902e+04 1.235918e+04 1.235206e+04 2.129566e+04 -5.757796e+10 1.312660e+02 -1.354865e+04 4.912271e+01 -4.341273e+03  0  1  0
1.147664e+04 1.122553e+04 6.568301e+05 -4.952240e+10 2.472145e+04 -5.386432e+06 2.051234e+03 -3.655420e+05 1.220459e+04 1.222854e+04 1.531343e+04 -5.606927e+10 1.461202e+02 -1.503124e+04 5.873978e+01 -6.105494e+03  0  1  0
1.293302e+04 1.246389e+04 3.424133e+06 -6.477135e+10 8.622308e+03 -1.630070e+06 7.057479e+02 -1.023924e+05 1.218302e+04 1.212997e+04 2.987700e+04 -5.586686e+10 1.964807e+02 -2.363101e+04 1.124290e+02 -1.213254e+04  0  1  0
1.242019e+04 1.204361e+04 1.375988e+06 -5.874229e+10 8.990193e+03 -1.719644e+06 6.408515e+02 -8.895905e+04 1.231374e+04 1.231547e+04 1.577046e+04 -5.713078e+10 4.581210e+02 -6.020157e+04 6.925422e+01 -6.609403e+03  0  1  0
1.122732e+04 1.119830e+04 2.286657e+05 -4.711726e+10 1.364559e+04 -2.575060e+06 1.094427e+03 -1.679039e+05 1.245407e+04 1.244983e+04 1.468770e+04 -5.851007e+10 1.627542e+02 -1.756139e+04 1.339632e+02 -1.544928e+04  0  1  0
1.631887e+04 1.619609e+04 1.252943e+07 -1.086634e+11 1.287037e+04 -2.567131e+06 1.607601e+03 -2.568276e+05 1.253588e+04 1.245193e+04 9.976380e+04 -5.935773e+10 2.290093e+02 -2.744579e+04 8.089408e+01 -9.825871e+03  0  1  0
1.435848e+04 1.369657e+04 8.556705e+06 -8.254009e+10 5.711553e+04 -1.306598e+07 5.384203e+03 -1.057981e+06 1.241140e+04 1.238243e+04 1.786231e+04 -5.809004e+10 2.006601e+02 -2.249037e+04 6.210379e+01 -7.128341e+03  0  1  0
1.217572e+04 1.119840e+04 3.878139e+06 -5.739638e+10 1.155121e+04 -2.223844e+06 7.507032e+02 -1.108647e+05 1.273723e+04 1.261977e+04 1.143216e+05 -6.138804e+10 1.457544e+02 -1.684111e+04 4.256418e+01 -3.451959e+03  0  1  0
1.283546e+04 1.224940e+04 6.950956e+06 -6.524671e+10 3.532691e+04 -7.579878e+06 1.522393e+03 -2.336627e+05 1.512532e+04 1.450820e+04 3.832093e+06 -8.969221e+10 4.235038e+02 -5.504092e+04 1.115281e+02 -1.207997e+04  0  1  0
1.629785e+04 1.559063e+04 3.188592e+06 -1.044076e+11 5.191713e+04 -1.197121e+07 2.163933e+03 -3.623463e+05 1.742993e+04 1.741434e+04 2.182132e+05 -1.187701e+11 3.891145e+02 -5.038577e+04 7.841758e+01 -9.486410e+03  0  1  0
1.457972e+04 1.316945e+04 1.549886e+07 -8.806003e+10 1.557247e+03 -2.355558e+05 2.251013e+02 -2.790374e+04 1.530160e+04 1.543530e+04 2.699311e+06 -9.138547e+10 4.233729e+02 -5.447333e+04 4.485361e+01 -4.062435e+03  0  1  0
9.502062e+03 9.454392e+03 2.592715e+06 -3.412885e+10 2.732848e+04 -6.208649e+06 2.562069e+03 -4.857464e+05 1.216009e+04 1.216452e+04 1.203634e+06 -5.613213e+10 2.909520e+02 -3.545074e+04 5.613523e+01 -5.149335e+03  0  1  0
7.957276e+03 7.301417e+03 2.330732e+06 -2.368381e+10 2.026649e+04 -4.448278e+06 3.758442e+02 -4.606590e+04 1.052563e+04 1.034217e+04 9.482776e+04 -4.108196e+10 2.571613e+02 -3.029857e+04 3.742689e+01 -2.997927e+03  0  1  0
7.384217e+03 7.674341e+03 5.470867e+05 -1.964317e+10 6.575984e+03 -1.240050e+06 6.174798e+02 -9.556024e+04 1.036407e+04 1.034832e+04 1.594833e+04 -3.973292e+10 2.323214e+02 -2.996617e+04 5.027716e+01 -4.446637e+03  0  1  0
7.643022e+03 7.652479e+03 4.286767e+05 -2.106342e+10 1.110607e+04 -2.226639e+06 5.355864e+02 -7.195173e+04 1.088195e+04 1.094129e+04 1.645855e+05 -4.409428e+10 2.245502e+02 -2.714655e+04 5.201811e+01 -5.161480e+03  0  1  0
9.998424e+03 9.159777e+03 8.977683e+06 -4.051015e+10 3.002413e+04 -6.538590e+06 1.036901e+03 -1.651845e+05 1.180578e+04 1.183676e+04 2.298801e+05 -5.236869e+10 2.523295e+02 -3.096768e+04 6.483501e+01 -6.974794e+03  0  1  0
1.322650e+04 1.192122e+04 1.688416e+07 -7.349574e+10 5.672451e+04 -1.268821e+07 2.066177e+03 -3.409274e+05 1.338441e+04 1.276968e+04 1.346085e+06 -6.865089e+10 3.041437e+02 -3.565067e+04 6.199499e+01 -5.542382e+03  0  1  0
1.757903e+04 1.741527e+04 7.186922e+06 -1.239023e+11 7.454637e+04 -1.785647e+07 2.957003e+03 -5.820321e+05 1.500498e+04 1.505942e+04 2.081936e+05 -8.669064e+10 2.557511e+02 -2.970568e+04 6.031403e+01 -5.459730e+03  0  1  0
1.361690e+04 1.357513e+04 3.189586e+06 -7.193567e+10 7.485513e+03 -1.497285e+06 7.038045e+02 -9.962689e+04 1.273405e+04 1.274768e+04 1.588958e+04 -6.131476e+10 1.604834e+02 -1.775411e+04 3.460152e+01 -3.209215e+03  0  1  0
1.309742e+04 1.258426e+04 2.636505e+06 -6.615131e+10 3.839025e+03 -7.606746e+05 9.346246e+02 -1.616266e+05 1.291133e+04 1.292386e+04 1.915326e+04 -6.312725e+10 1.442807e+02 -1.549721e+04 4.582466e+01 -5.499275e+03  0  1  0
1.163144e+04 1.140119e+04 1.203680e+06 -5.115775e+10 4.586356e+03 -8.407089e+05 7.759692e+02 -1.270938e+05 1.296571e+04 1.295652e+04 4.323279e+03 -6.368214e+10 1.996643e+02 -2.379895e+04 3.367076e+01 -2.483852e+03  0  1  0
1.113519e+04 1.041830e+04 1.570434e+06 -4.686186e+10 1.437647e+04 -2.936381e+06 1.237018e+03 -1.961459e+05 1.286921e+04 1.291545e+04 5.883967e+04 -6.271100e+10 2.546617e+02 -3.073327e+04 4.463622e+01 -3.758412e+03  0  1  0
1.120505e+04 1.112673e+04 6.366258e+05 -4.708904e+10 7.992938e+03 -1.587965e+06 3.315538e+02 -4.351325e+04 1.254779e+04 1.254537e+04 7.026866e+03 -5.943792e+10 1.004546e+02 -1.062976e+04 3.190677e+01 -2.679306e+03  0  1  0
1.180391e+04 1.126651e+04 8.030286e+05 -5.258875e+10 1.193235e+03 -1.800923e+05 2.697869e+02 -3.271574e+04 1.242772e+04 1.246007e+04 8.021297e+03 -5.824689e+10 1.254793e+02 -1.356223e+04 4.558307e+01 -4.192172e+03  0  1  0
1.212404e+04 1.153063e+04 1.551030e+06 -5.593082e+10 1.255695e+04 -2.613608e+06 3.217935e+02 -4.248193e+04 1.237715e+04 1.238601e+04 9.330752e+03 -5.774944e+10 1.772209e+02 -2.145724e+04 3.857624e+01 -3.461998e+03  0  1  0
1.243739e+04 1.180637e+04 1.630710e+06 -5.901801e+10 1.733798e+04 -3.601489e+06 1.054133e+03 -1.662196e+05 1.249646e+04 1.247027e+04 6.156523e+03 -5.892672e+10 1.210825e+02 -1.432356e+04 6.748203e+01 -6.583451e+03  0  1  0
1.222299e+04 1.172693e+04 1.288596e+06 -5.677735e+10 1.719072e+04 -3.554436e+06 1.744057e+03 -3.197288e+05 1.253161e+04 1.250833e+04 8.517513e+03 -5.927726e+10 1.851680e+02 -2.061386e+04 3.784940e+01 -3.177525e+03  0  1  0
1.252460e+04 1.154454e+04 2.633066e+06 -6.030188e+10 3.705052e+04 -8.561089e+06 1.525649e+03 -2.673254e+05 1.250345e+04 1.244682e+04 9.025845e+03 -5.899735e+10 1.676694e+02 -1.788437e+04 3.685100e+01 -3.355495e+03  0  1  0
1.217888e+04 1.151834e+04 2.597649e+06 -5.689607e+10 2.718018e+04 -5.889663e+06 8.897566e+02 -1.357177e+05 1.259697e+04 1.261808e+04 1.360533e+04 -5.993233e+10 1.744077e+02 -2.038222e+04 2.613922e+01 -2.290848e+03  0  1  0
1.212087e+04 1.182728e+04 1.791099e+06 -5.599991e+10 1.696885e+04 -3.384722e+06 1.095877e+03 -1.649637e+05 1.280723e+04 1.281863e+04 2.249183e+04 -6.206177e+10 2.045264e+02 -2.297731e+04 9.223037e+01 -9.309231e+03  0  1  0
1.195189e+04 1.120917e+04 1.446986e+06 -5.424613e+10 1.609486e+04 -3.300194e+06 3.372443e+02 -4.411869e+04 1.279925e+04 1.278164e+04 1.104697e+04 -6.197567e+10 5.222326e+02 -7.520500e+04 1.974499e+02 -2.538253e+04  0  1  0
1.210950e+04 1.212539e+04 1.075627e+04 -5.515137e+10 1.427116e+02 -1.880649e+04 5.500790e+01 -4.789453e+03 1.250224e+04 1.249093e+04 2.460289e+03 -5.898256e+10 3.606917e+01 -5.857098e+03 3.765798e+01 -3.223777e+03  0  1  0
1.204421e+04 1.207178e+04 8.999609e+03 -5.452617e+10 1.549160e+02 -1.644479e+04 3.407229e+01 -3.305275e+03 1.260729e+04 1.263236e+04 2.885205e+03 -6.003131e+10 4.804998e+01 -4.127934e+03 2.427780e+01 -1.810726e+03  0  1  0
1.201413e+04 1.203125e+04 7.470052e+03 -5.423912e+10 1.469952e+02 -1.621908e+04 3.040897e+01 -2.497092e+03 1.269196e+04 1.268636e+04 1.773217e+03 -6.088301e+10 3.955093e+01 -3.587569e+03 1.372402e+01 -9.411057e+02  0  1  0
1.204198e+04 1.205632e+04 1.156661e+04 -5.450596e+10 1.775734e+02 -2.023777e+04 6.979779e+01 -8.196376e+03 1.274888e+04 1.274864e+04 1.343395e+03 -6.145915e+10 4.419453e+01 -3.872068e+03 1.955231e+01 -1.403717e+03  0  1  0
1.208222e+04 1.210915e+04 6.769279e+03 -5.488829e+10 9.564616e+01 -1.177027e+04 3.957950e+01 -3.229043e+03 1.280184e+04 1.280413e+04 5.314077e+02 -6.199765e+10 4.327668e+01 -4.114501e+03 4.024197e+01 -3.728601e+03  0  1  0
1.205168e+04 1.202443e+04 8.748765e+03 -5.459731e+10 8.177171e+01 -7.726178e+03 4.230732e+01 -3.537758e+03 1.287927e+04 1.286820e+04 3.147755e+03 -6.279106e+10 7.775777e+01 -7.731310e+03 2.099669e+01 -1.525387e+03  0  1  0
1.199436e+04 1.201611e+04 2.887079e+03 -5.404936e+10 2.422124e+02 -2.996685e+04 2.337319e+01 -1.846377e+03 1.285988e+04 1.287648e+04 6.198135e+03 -6.259337e+10 9.668483e+01 -1.032702e+04 2.011163e+01 -1.436238e+03  0  1  0
1.204097e+04 1.204055e+04 6.373383e+03 -5.449422e+10 1.548073e+02 -1.612934e+04 1.908799e+01 -1.240658e+03 1.272203e+04 1.272206e+04 2.609582e+03 -6.118742e+10 6.326899e+01 -5.806427e+03 2.028932e+01 -1.417912e+03  0  1  0
1.206917e+04 1.209378e+04 2.025872e+04 -5.476908e+10 7.801871e+02 -1.165379e+05 1.175057e+02 -1.356115e+04 1.274798e+04 1.276710e+04 7.711061e+03 -6.145268e+10 9.059597e+01 -8.842639e+03 3.069920e+01 -2.566668e+03  0  1  0
1.211360e+04 1.219493e+04 7.643135e+04 -5.521785e+10 1.937060e+03 -3.144107e+05 6.576509e+01 -7.459258e+03 1.278639e+04 1.278790e+04 2.417443e+03 -6.184105e+10 5.169301e+01 -4.773715e+03 1.486729e+01 -9.473463e+02  0  1  0
1.210751e+04 1.212034e+04 6.684933e+04 -5.515546e+10 1.827158e+03 -3.176340e+05 3.836632e+02 -5.377558e+04 1.276864e+04 1.274589e+04 9.803427e+03 -6.166345e+10 1.105142e+02 -1.230484e+04 2.074989e+01 -1.788166e+03  0  1  0
1.193334e+04 1.200545e+04 1.746573e+05 -5.354290e+10 3.126275e+03 -5.542482e+05 2.300251e+02 -2.801539e+04 1.276574e+04 1.278432e+04 2.858739e+04 -6.164183e+10 1.257560e+02 -1.410778e+04 5.533270e+01 -5.381091e+03  0  1  0
1.188536e+04 1.174373e+04 1.610372e+05 -5.308535e+10 2.688671e+03 -4.429361e+05 9.499898e+01 -1.041509e+04 1.280442e+04 1.286175e+04 2.559151e+04 -6.203439e+10 1.173258e+02 -1.190483e+04 4.942952e+01 -4.614738e+03  0  1  0
1.207750e+04 1.207834e+04 5.645624e+03 -5.484273e+10 1.027261e+02 -1.129678e+04 1.082020e+02 -1.194806e+04 1.318920e+04 1.311709e+04 6.391836e+04 -6.604017e+10 1.699792e+02 -2.022316e+04 1.004503e+02 -1.069925e+04  0  1  0
1.201178e+04 1.203966e+04 1.147452e+04 -5.421844e+10 1.004673e+02 -9.824303e+03 7.391855e+01 -1.004846e+04 1.329128e+04 1.322555e+04 6.554392e+04 -6.712119e+10 9.647271e+02 -1.505695e+05 1.636773e+02 -2.071100e+04  0  1  0
1.210134e+04 1.209615e+04 3.066180e+03 -5.506987e+10 1.123923e+02 -1.187089e+04 8.187599e+01 -1.077127e+04 1.280508e+04 1.273961e+04 4.341184e+04 -6.204864e+10 1.260460e+02 -1.298067e+04 3.543822e+01 -3.253153e+03  0  1  0
1.206244e+04 1.210035e+04 6.966418e+03 -5.469926e+10 2.208599e+02 -2.565643e+04 8.044636e+01 -8.300303e+03 1.253165e+04 1.249269e+04 2.678725e+04 -5.928527e+10 8.437197e+01 -8.744483e+03 3.010957e+01 -2.498743e+03  0  1  0
1.194279e+04 1.193035e+04 2.634337e+03 -5.356092e+10 2.051931e+02 -2.363054e+04 1.431338e+02 -1.572061e+04 1.243047e+04 1.241844e+04 5.614256e+03 -5.827303e+10 6.791510e+01 -7.538778e+03 6.129894e+01 -5.919870e+03  0  1  0
1.193253e+04 1.191604e+04 4.546617e+03 -5.346481e+10 2.785039e+02 -3.656249e+04 9.519295e+01 -9.008654e+03 1.248688e+04 1.247950e+04 4.596632e+03 -5.883089e+10 3.301340e+01 -2.776006e+03 2.828207e+01 -2.792849e+03  0  1  0
1.194665e+04 1.194250e+04 2.847805e+03 -5.359753e+10 2.382192e+02 -2.936611e+04 8.769522e+01 -9.083386e+03 1.250344e+04 1.250404e+04 1.681499e+03 -5.899418e+10 3.514259e+01 -3.232957e+03 6.308480e+01 -5.725540e+03  0  1  0
1.200153e+04 1.199591e+04 9.080734e+02 -5.411663e+10 1.141406e+02 -1.359763e+04 6.813628e+01 -6.639967e+03 1.253552e+04 1.253503e+04 1.565861e+03 -5.931333e+10 3.478634e+01 -3.053841e+03 3.007078e+01 -2.646144e+03  0  1  0
1.200850e+04 1.198510e+04 3.754580e+03 -5.418408e+10 4.153470e+02 -5.488812e+04 7.792554e+01 -8.537035e+03 1.259108e+04 1.259455e+04 2.915890e+03 -5.986889e+10 2.093309e+02 -2.564834e+04 1.011201e+02 -1.148304e+04  0  1  0
1.200106e+04 1.197903e+04 7.559550e+03 -5.411496e+10 2.545122e+02 -3.840714e+04 1.525375e+02 -1.689607e+04 1.283979e+04 1.276147e+04 8.511597e+04 -6.242056e+10 1.542966e+02 -1.751379e+04 3.987371e+01 -3.393801e+03  0  1  0
1.194523e+04 1.195221e+04 5.932398e+03 -5.358535e+10 1.369931e+02 -1.502580e+04 5.987112e+01 -5.298161e+03 1.344809e+04 1.346526e+04 8.033360e+04 -6.880471e+10 9.265042e+01 -9.482839e+03 5.058913e+01 -4.714217e+03  0  1  0
1.193707e+04 1.195577e+04 8.927110e+03 -5.350954e+10 1.979457e+02 -2.376295e+04 8.377866e+01 -8.383241e+03 1.327271e+04 1.335972e+04 7.371879e+04 -6.692742e+10 1.962944e+02 -2.264138e+04 6.406239e+01 -5.862984e+03  0  1  0
1.191131e+04 1.200066e+04 9.014385e+04 -5.330007e+10 8.554151e+03 -1.682762e+06 4.398950e+02 -6.234519e+04 1.280614e+04 1.281908e+04 6.571865e+04 -6.206871e+10 1.945774e+03 -3.188836e+05 1.521081e+03 -2.663519e+05  0  1  0
1.227174e+04 1.230014e+04 8.870824e+04 -5.675146e+10 7.617468e+02 -1.114629e+05 1.605163e+02 -1.760795e+04 1.255847e+04 1.256327e+04 7.263175e+02 -5.954185e+10 2.265393e+01 -1.924440e+03 2.738919e+01 -2.165863e+03  0  1  0
1.223555e+04 1.229465e+04 1.049679e+05 -5.640645e+10 2.807688e+02 -3.585982e+04 6.489424e+01 -6.279025e+03 1.259085e+04 1.259028e+04 7.086347e+02 -5.986562e+10 3.687803e+01 -3.231469e+03 1.624911e+01 -1.466957e+03  0  1  0
1.203067e+04 1.197291e+04 5.269942e+04 -5.441523e+10 3.636412e+02 -4.364831e+04 4.532468e+01 -3.697131e+03 1.259225e+04 1.259305e+04 3.062440e+02 -5.987945e+10 9.194335e+01 -9.884473e+03 1.003263e+01 -6.039930e+02  0  1  0
1.200721e+04 1.182954e+04 9.205059e+04 -5.420833e+10 1.169625e+02 -1.316738e+04 8.312138e+01 -1.040681e+04 1.258610e+04 1.257132e+04 1.000953e+03 -5.981824e+10 7.005022e+01 -6.463367e+03 3.301339e+01 -2.837561e+03  0  1  0
1.206053e+04 1.196262e+04 7.996650e+04 -5.471135e+10 5.679520e+02 -8.165320e+04 1.473472e+02 -1.654766e+04 1.255598e+04 1.256373e+04 2.175080e+03 -5.951763e+10 2.873744e+02 -3.903572e+04 5.022744e+01 -4.489728e+03  0  1  0
1.202985e+04 1.196269e+04 5.906133e+04 -5.441010e+10 3.006226e+02 -3.706146e+04 1.822321e+02 -2.358417e+04 1.254197e+04 1.253712e+04 3.505913e+02 -5.937711e+10 8.081871e+01 -8.325326e+03 4.011862e+01 -3.606531e+03  0  1  0
1.194028e+04 1.183713e+04 8.198008e+04 -5.357005e+10 4.834525e+02 -6.692738e+04 5.767513e+01 -5.324357e+03 1.261578e+04 1.258646e+04 1.543781e+04 -6.012165e+10 5.486860e+01 -4.711028e+03 2.713510e+01 -2.236068e+03  0  1  0
1.211176e+04 1.216059e+04 1.106835e+05 -5.521445e+10 3.872234e+02 -5.187836e+04 1.355708e+02 -1.458935e+04 1.266483e+04 1.261298e+04 1.891584e+04 -6.061637e+10 1.648435e+02 -2.128508e+04 4.386262e+01 -4.209311e+03  0  1  0
1.205441e+04 1.214889e+04 4.152871e+04 -5.463694e+10 4.465416e+02 -5.688302e+04 1.464447e+02 -1.647774e+04 1.254566e+04 1.254543e+04 6.739134e+02 -5.941404e+10 7.135489e+01 -6.821608e+03 2.714181e+01 -2.098424e+03  0  1  0
1.194675e+04 1.181034e+04 4.785269e+04 -5.361706e+10 3.929320e+02 -5.221838e+04 1.176982e+02 -1.268241e+04 1.252904e+04 1.253008e+04 5.228421e+02 -5.924831e+10 3.294140e+01 -3.959911e+03 7.035300e+01 -7.160421e+03  0  1  0
1.187632e+04 1.178292e+04 3.389096e+04 -5.294782e+10 4.499856e+02 -6.078599e+04 1.049681e+02 -1.035098e+04 1.255935e+04 1.254980e+04 5.535533e+02 -5.955057e+10 1.040002e+02 -1.091750e+04 5.377570e+01 -5.030096e+03  0  1  0
1.182308e+04 1.173744e+04 2.626092e+04 -5.244606e+10 2.791372e+02 -3.422250e+04 6.191785e+01 -5.893273e+03 1.255296e+04 1.255704e+04 3.392730e+02 -5.948672e+10 8.478801e+01 -9.085597e+03 1.505745e+01 -1.017390e+03  0  1  0
1.178588e+04 1.169428e+04 2.824929e+04 -5.209985e+10 1.381451e+02 -1.475704e+04 1.774736e+02 -2.146602e+04 1.255623e+04 1.254560e+04 9.127349e+02 -5.951962e+10 4.872143e+01 -4.839078e+03 3.915293e+01 -3.145606e+03  0  1  0
1.148194e+04 1.157057e+04 1.371475e+05 -4.935505e+10 9.300931e+03 -1.836577e+06 9.998734e+02 -1.712515e+05 1.474677e+04 1.351568e+04 7.620263e+06 -8.671538e+10 3.239931e+05 -8.590369e+07 2.942627e+03 -5.172349e+05  0  0  1
1.162247e+04 1.166338e+04 5.927284e+04 -5.060279e+10 1.169258e+04 -2.417297e+06 5.791661e+02 -7.839257e+04 1.420208e+04 1.463511e+04 9.635386e+06 -8.118487e+10 9.295461e+05 -2.646438e+08 6.334718e+03 -1.186184e+06  0  0  1
1.147331e+04 1.150175e+04 7.436003e+04 -4.925111e+10 6.540508e+03 -1.291071e+06 2.974887e+02 -3.535010e+04 1.359881e+04 1.321960e+04 1.056998e+07 -7.483237e+10 5.134957e+05 -1.392443e+08 1.844048e+04 -3.993994e+06  0  0  1
1.139416e+04 1.146436e+04 5.584946e+04 -4.853076e+10 5.794238e+03 -1.092188e+06 1.698294e+02 -2.008588e+04 1.221699e+04 1.125176e+04 7.466051e+06 -5.928312e+10 9.928761e+04 -2.346268e+07 1.674843e+04 -3.612628e+06  0  0  1
1.164481e+04 1.161723e+04 2.734382e+04 -5.079471e+10 5.794726e+03 -1.059800e+06 3.465143e+02 -4.476505e+04 1.152789e+04 1.092821e+04 6.550385e+06 -5.242665e+10 2.890389e+05 -7.793269e+07 1.314290e+04 -2.644789e+06  0  0  1
1.200305e+04 1.199510e+04 4.533945e+04 -5.414949e+10 7.683529e+03 -1.434586e+06 1.270882e+03 -2.106121e+05 1.287506e+04 1.240932e+04 5.070116e+06 -6.486335e+10 5.722951e+05 -1.545784e+08 1.520967e+04 -3.268738e+06  0  0  1
1.214757e+04 1.207179e+04 3.129542e+04 -5.552565e+10 7.132559e+03 -1.367335e+06 4.719403e+02 -6.459180e+04 1.218652e+04 1.170382e+04 2.181539e+06 -5.679441e+10 1.779146e+05 -4.420619e+07 4.604409e+03 -7.969560e+05  0  0  1
1.230199e+04 1.227421e+04 4.610184e+04 -5.702859e+10 5.865673e+03 -1.049009e+06 5.544238e+02 -8.276212e+04 1.302921e+04 1.313109e+04 2.500214e+06 -6.538077e+10 3.961356e+05 -1.030188e+08 1.795912e+04 -3.814309e+06  0  0  1
1.222789e+04 1.220929e+04 4.114959e+04 -5.630570e+10 7.892332e+03 -1.541058e+06 4.673157e+02 -6.234818e+04 1.266798e+04 1.211089e+04 2.610461e+06 -6.172850e+10 2.476627e+05 -6.370653e+07 1.830266e+04 -3.783955e+06  0  0  1
1.235318e+04 1.238412e+04 3.313544e+04 -5.752406e+10 9.818268e+03 -1.950613e+06 6.467502e+02 -9.431048e+04 1.416635e+04 1.420843e+04 2.632316e+06 -7.783555e+10 2.496588e+05 -6.261136e+07 8.793674e+03 -1.647018e+06  0  0  1
1.238577e+04 1.238686e+04 2.978636e+04 -5.784264e+10 4.130601e+03 -7.240575e+05 3.781949e+02 -4.889540e+04 1.456712e+04 1.498403e+04 1.969544e+06 -8.219923e+10 2.699671e+05 -6.763814e+07 8.589117e+03 -1.625602e+06  0  0  1
1.240941e+04 1.246021e+04 2.754093e+04 -5.807438e+10 3.892582e+03 -6.767897e+05 4.419482e+02 -5.733645e+04 1.137855e+04 1.145991e+04 3.235456e+06 -4.970043e+10 2.264623e+05 -5.757260e+07 5.095492e+03 -9.828597e+05  0  0  1
1.225374e+04 1.222590e+04 2.968253e+04 -5.655191e+10 1.421640e+03 -2.266469e+05 3.851100e+02 -4.892456e+04 1.080910e+04 1.064519e+04 1.691887e+06 -4.410462e+10 3.071662e+05 -8.312518e+07 5.523520e+03 -1.092166e+06  0  0  1
1.155608e+04 1.152871e+04 1.017903e+05 -5.001359e+10 9.057105e+03 -1.690911e+06 6.422120e+02 -8.602106e+04 1.406197e+04 1.445944e+04 9.977855e+06 -7.972513e+10 2.156107e+05 -5.609618e+07 2.362719e+04 -4.979687e+06  0  0  1
1.158436e+04 1.155375e+04 1.625259e+05 -5.029670e+10 1.813309e+04 -3.624728e+06 1.328421e+03 -2.076206e+05 1.448682e+04 1.600980e+04 1.379370e+07 -8.620611e+10 6.156805e+05 -1.638465e+08 6.360629e+04 -1.508073e+07  0  0  1
1.188220e+04 1.206811e+04 3.695221e+05 -5.314167e+10 1.521680e+04 -3.059418e+06 7.659940e+02 -1.081899e+05 1.583874e+04 1.598878e+04 5.165944e+06 -9.922784e+10 8.043149e+05 -2.211626e+08 3.765193e+03 -6.882370e+05  0  0  1
1.232889e+04 1.227423e+04 7.361226e+04 -5.730293e+10 5.141917e+03 -9.074814e+05 5.744586e+02 -7.868832e+04 1.339828e+04 1.394842e+04 5.182492e+06 -7.039832e+10 5.779132e+05 -1.564121e+08 1.464409e+04 -3.280653e+06  0  0  1
1.204541e+04 1.213004e+04 8.106847e+04 -5.456746e+10 4.180129e+03 -7.971056e+05 1.063507e+03 -1.647577e+05 1.209239e+04 1.126080e+04 5.036186e+06 -5.707585e+10 8.603941e+05 -2.370932e+08 1.804450e+04 -3.900177e+06  0  0  1
1.195258e+04 1.189876e+04 4.734492e+04 -5.367192e+10 3.562786e+03 -6.092110e+05 4.163109e+02 -5.439391e+04 1.249930e+04 1.287501e+04 3.232520e+06 -6.029207e+10 4.884469e+05 -1.308684e+08 6.429782e+03 -1.180875e+06  0  0  1
1.208377e+04 1.211661e+04 2.736117e+04 -5.491171e+10 2.527201e+03 -4.123330e+05 3.389213e+02 -4.254409e+04 1.202755e+04 1.161807e+04 1.961097e+06 -5.517681e+10 2.531051e+05 -6.396976e+07 6.341032e+03 -1.184734e+06  0  0  1
1.224511e+04 1.214502e+04 1.377587e+05 -5.651292e+10 2.830889e+03 -4.628437e+05 1.520700e+02 -1.595055e+04 1.223587e+04 1.233813e+04 1.935542e+06 -5.716693e+10 2.123397e+05 -5.200276e+07 4.734292e+03 -8.961010e+05  0  0  1
1.221426e+04 1.234445e+04 2.138621e+05 -5.624519e+10 3.186604e+03 -5.440150e+05 2.641929e+02 -4.398872e+04 1.124927e+04 1.123902e+04 1.766718e+06 -4.794428e+10 9.480728e+04 -2.218891e+07 3.943274e+03 -6.888507e+05  0  0  1
1.187863e+04 1.187410e+04 7.702286e+04 -5.298739e+10 1.458439e+03 -2.438595e+05 2.164956e+02 -2.818450e+04 1.030162e+04 9.813056e+03 1.316715e+06 -3.976252e+10 1.586145e+05 -4.002296e+07 2.647279e+03 -4.417735e+05  0  0  1
1.208066e+04 1.204977e+04 1.769715e+04 -5.487788e+10 6.813367e+03 -1.282587e+06 2.821095e+02 -3.912209e+04 1.122706e+04 1.115845e+04 1.663173e+06 -4.770449e+10 3.744004e+05 -9.767091e+07 2.589565e+03 -4.163361e+05  0  0  1
1.267211e+04 1.225237e+04 1.099186e+06 -6.114033e+10 4.015182e+04 -9.545152e+06 3.598884e+03 -7.171785e+05 1.006410e+04 1.036455e+04 3.502961e+06 -3.876323e+10 2.603502e+05 -6.489266e+07 3.274061e+04 -7.198194e+06  0  0  1
1.349681e+04 1.356205e+04 8.639802e+05 -6.965787e+10 4.996841e+04 -1.215718e+07 2.792711e+04 -6.731301e+06 1.031110e+04 1.024479e+04 2.793930e+06 -4.043948e+10 2.211910e+05 -5.570176e+07 7.282932e+03 -1.389270e+06  0  0  1
1.181129e+04 1.178043e+04 3.352955e+04 -5.233893e+10 2.267386e+03 -3.647687e+05 4.433811e+02 -5.710413e+04 1.126496e+04 1.043839e+04 3.394652e+06 -4.875927e+10 2.854455e+04 -6.210143e+06 3.998169e+03 -8.125993e+05  0  0  1
1.190017e+04 1.192087e+04 4.378306e+04 -5.317611e+10 4.189340e+03 -7.473659e+05 2.100379e+02 -2.625170e+04 1.238903e+04 1.177596e+04 8.537623e+06 -6.142891e+10 4.748022e+05 -1.323178e+08 3.296437e+03 -5.758351e+05  0  0  1
1.216744e+04 1.219437e+04 5.807663e+04 -5.572815e+10 8.836207e+03 -1.637103e+06 1.005986e+03 -1.471279e+05 1.467972e+04 1.483256e+04 5.065892e+06 -8.483626e+10 4.237106e+05 -1.092943e+08 1.954351e+04 -3.919179e+06  0  0  1
1.230567e+04 1.230480e+04 4.371539e+04 -5.706351e+10 5.303604e+03 -9.309712e+05 1.433150e+02 -2.256898e+04 1.483387e+04 1.536752e+04 3.157415e+06 -8.586625e+10 9.514623e+05 -2.603142e+08 2.090267e+04 -4.340364e+06  0  0  1
1.209426e+04 1.202542e+04 6.185493e+04 -5.502641e+10 1.210057e+03 -1.799209e+05 4.388069e+02 -5.814674e+04 1.311106e+04 1.258290e+04 2.805266e+06 -6.636809e+10 6.281407e+05 -1.653301e+08 2.069860e+04 -4.235861e+06  0  0  1
1.177646e+04 1.178919e+04 2.381011e+04 -5.201041e+10 1.533920e+03 -2.335760e+05 4.832030e+02 -6.310787e+04 1.146733e+04 1.121461e+04 3.535834e+06 -5.062269e+10 8.086509e+05 -2.211962e+08 2.090018e+04 -4.207862e+06  0  0  1
1.190564e+04 1.189472e+04 3.966348e+04 -5.322588e+10 1.970670e+03 -3.289331e+05 1.915739e+02 -2.213154e+04 1.219276e+04 1.256043e+04 6.106612e+06 -5.847568e+10 6.246274e+05 -1.679053e+08 1.144443e+04 -2.254385e+06  0  0  1
1.226028e+04 1.216266e+04 1.287242e+05 -5.665651e+10 3.409052e+03 -5.753423e+05 5.743009e+02 -8.005481e+04 1.363043e+04 1.402439e+04 4.252327e+06 -7.253238e+10 6.944502e+05 -1.910716e+08 1.899740e+04 -4.041518e+06  0  0  1
1.258377e+04 1.251966e+04 8.926187e+04 -5.983162e+10 4.330240e+03 -7.777543e+05 6.719449e+02 -9.902129e+04 1.233626e+04 1.215797e+04 5.476639e+06 -5.962416e+10 6.642197e+05 -1.789322e+08 1.120266e+04 -2.212638e+06  0  0  1
1.257035e+04 1.260786e+04 8.460253e+04 -5.969542e+10 6.896783e+03 -1.277639e+06 2.457741e+02 -3.365178e+04 1.270544e+04 1.249719e+04 2.586318e+06 -6.209295e+10 3.218095e+05 -8.156348e+07 8.080565e+03 -1.509382e+06  0  0  1
1.205011e+04 1.193037e+04 7.309814e+04 -5.460898e+10 4.010740e+03 -7.153284e+05 2.542978e+02 -2.972376e+04 1.200831e+04 1.213911e+04 2.843622e+06 -5.535726e+10 2.759355e+05 -6.934709e+07 6.288422e+03 -1.115608e+06  0  0  1
1.194795e+04 1.195408e+04 1.970826e+04 -5.361677e+10 1.004409e+03 -1.494980e+05 3.260806e+02 -4.048757e+04 1.211253e+04 1.217100e+04 1.927449e+06 -5.597451e+10 4.093005e+05 -1.056510e+08 6.947367e+03 -1.277054e+06  0  0  1
1.203387e+04 1.201745e+04 2.260201e+04 -5.443326e+10 2.026048e+03 -3.236864e+05 2.217251e+02 -2.668274e+04 1.140316e+04 1.101092e+04 1.732622e+06 -4.930338e+10 4.826401e+05 -1.243825e+08 2.205951e+04 -4.879386e+06  0  0  1
1.190784e+04 1.190470e+04 9.252272e+03 -5.323403e+10 1.380504e+02 -1.423038e+04 6.147505e+01 -5.619242e+03 1.253006e+04 1.237961e+04 2.387808e+05 -5.935764e+10 8.198763e+03 -1.536999e+06 7.022582e+02 -1.130538e+05  1  0  0
1.181604e+04 1.182063e+04 1.907470e+03 -5.237017e+10 3.548949e+02 -4.730428e+04 9.417056e+01 -1.013841e+04 1.258943e+04 1.238026e+04 3.220540e+05 -5.998525e+10 1.369567e+04 -2.716291e+06 1.235589e+03 -1.982793e+05  1  0  0
1.183023e+04 1.182715e+04 7.775449e+03 -5.250524e+10 4.043088e+02 -5.535217e+04 7.873666e+01 -8.933478e+03 1.260443e+04 1.252716e+04 4.086529e+05 -6.017140e+10 1.909953e+04 -4.075119e+06 2.748912e+03 -5.315480e+05  1  0  0
1.204771e+04 1.203074e+04 8.549314e+03 -5.455938e+10 3.279207e+02 -4.229861e+04 7.594873e+01 -9.777869e+03 1.203777e+04 1.188343e+04 5.214041e+05 -5.467706e+10 2.034626e+04 -4.120669e+06 1.382222e+03 -2.062996e+05  1  0  0
1.204085e+04 1.202314e+04 6.929147e+03 -5.449331e+10 2.904642e+02 -3.524515e+04 4.940918e+01 -4.277478e+03 1.201677e+04 1.180685e+04 4.904346e+05 -5.446441e+10 1.520196e+04 -3.086391e+06 8.440636e+02 -1.171218e+05  1  0  0
1.200085e+04 1.199341e+04 1.785567e+03 -5.411058e+10 1.278863e+02 -1.379277e+04 1.060077e+02 -1.084815e+04 1.227374e+04 1.210394e+04 2.966910e+05 -5.685736e+10 1.671202e+04 -3.432138e+06 1.502564e+03 -2.313726e+05  1  0  0
1.192894e+04 1.193178e+04 6.347352e+03 -5.343172e+10 6.969351e+01 -6.080590e+03 1.939776e+02 -2.214803e+04 1.255781e+04 1.233348e+04 8.090984e+05 -5.987131e+10 7.737638e+03 -1.464606e+06 1.259412e+03 -1.934135e+05  1  0  0
1.186438e+04 1.187498e+04 3.653162e+03 -5.282327e+10 7.514184e+01 -8.336358e+03 6.554869e+01 -6.445925e+03 1.213253e+04 1.201430e+04 5.795508e+05 -5.560851e+10 1.583537e+04 -3.245862e+06 7.392228e+02 -1.094207e+05  1  0  0
1.193292e+04 1.193827e+04 1.819774e+03 -5.346734e+10 9.357278e+01 -1.009083e+04 4.812479e+01 -4.381345e+03 1.223498e+04 1.191637e+04 2.920794e+05 -5.647863e+10 4.159289e+03 -8.535493e+05 5.550815e+02 -7.803347e+04  1  0  0
1.192726e+04 1.192792e+04 1.156102e+03 -5.341375e+10 1.356187e+02 -1.868089e+04 1.213509e+02 -1.366756e+04 1.239227e+04 1.188971e+04 6.446468e+05 -5.816236e+10 4.772062e+03 -8.747682e+05 2.254022e+03 -3.953084e+05  1  0  0
1.187493e+04 1.188531e+04 3.194625e+03 -5.292209e+10 1.743094e+02 -2.002972e+04 5.693621e+01 -5.437311e+03 1.332891e+04 1.342008e+04 5.721673e+05 -6.773335e+10 1.258052e+04 -2.474071e+06 8.200185e+02 -1.153191e+05  1  0  0
1.195430e+04 1.195135e+04 2.361709e+04 -5.367845e+10 5.168866e+02 -7.118371e+04 5.923155e+01 -5.266552e+03 1.287530e+04 1.274249e+04 5.855053e+05 -6.299297e+10 6.717600e+03 -1.281279e+06 1.155115e+03 -1.771228e+05  1  0  0
1.220866e+04 1.224141e+04 1.014345e+04 -5.610656e+10 3.374899e+02 -4.465054e+04 5.407661e+01 -4.462179e+03 1.262063e+04 1.244374e+04 1.923066e+05 -6.024390e+10 2.024008e+03 -3.249882e+05 4.910081e+02 -6.789604e+04  1  0  0
1.195632e+04 1.194767e+04 1.702343e+04 -5.369477e+10 1.089355e+02 -1.164282e+04 1.031907e+02 -1.119998e+04 1.348365e+04 1.349971e+04 2.580610e+06 -7.023331e+10 1.230420e+05 -2.952104e+07 7.075677e+03 -1.303574e+06  1  0  0
1.196090e+04 1.192044e+04 1.931303e+04 -5.373908e+10 1.430818e+03 -2.400333e+05 5.228370e+01 -4.536881e+03 1.183025e+04 1.249074e+04 7.775244e+06 -5.570745e+10 3.545626e+05 -9.134214e+07 9.702294e+03 -1.871060e+06  1  0  0
1.215054e+04 1.214031e+04 1.562657e+04 -5.554778e+10 7.789182e+02 -1.187020e+05 1.487583e+02 -1.685420e+04 9.992851e+03 9.179670e+03 5.858905e+06 -3.917859e+10 1.954408e+05 -4.818188e+07 6.075757e+03 -1.066006e+06  1  0  0
1.267234e+04 1.269807e+04 1.575727e+05 -6.074984e+10 6.166740e+03 -1.216463e+06 3.697450e+02 -4.935697e+04 1.294429e+04 1.274019e+04 1.191641e+07 -6.842596e+10 7.733936e+05 -2.097749e+08 4.099443e+04 -9.219408e+06  1  0  0
1.245757e+04 1.257272e+04 6.103681e+04 -5.856390e+10 4.150252e+02 -5.324537e+04 1.407742e+02 -1.441183e+04 1.107070e+04 9.805224e+03 7.575735e+06 -4.878892e+10 3.207304e+05 -8.436798e+07 2.527641e+04 -5.384831e+06  1  0  0
1.207811e+04 1.207783e+04 6.040006e+03 -5.484873e+10 1.602098e+02 -2.082727e+04 1.663872e+02 -2.187656e+04 1.157458e+04 1.164922e+04 4.566925e+06 -5.202687e+10 1.286878e+05 -3.149188e+07 1.173816e+04 -2.541588e+06  1  0  0
1.201082e+04 1.201433e+04 2.095149e+03 -5.420545e+10 5.493323e+02 -7.555332e+04 3.265265e+02 -4.000387e+04 1.117212e+04 1.033330e+04 3.610909e+06 -4.802628e+10 9.978233e+04 -2.372042e+07 6.678793e+03 -1.233779e+06  1  0  0
1.210033e+04 1.201060e+04 4.167213e+04 -5.507622e+10 5.236808e+02 -7.018584e+04 1.342155e+02 -1.527236e+04 1.096497e+04 1.067384e+04 9.692712e+05 -4.513750e+10 2.837418e+04 -6.714089e+06 5.065730e+03 -9.001842e+05  1  0  0
1.218168e+04 1.219384e+04 5.950842e+03 -5.584403e+10 3.262152e+02 -4.541382e+04 1.255850e+02 -2.407325e+04 1.174874e+04 1.132894e+04 1.022830e+06 -5.216700e+10 5.363436e+04 -1.244777e+07 2.367738e+03 -5.075141e+05  1  0  0
1.202387e+04 1.201774e+04 1.223195e+04 -5.433378e+10 5.163871e+02 -7.071515e+04 1.605156e+02 -2.010257e+04 1.289553e+04 1.229017e+04 3.284559e+06 -6.433079e+10 1.471306e+05 -3.599327e+07 2.923617e+03 -5.851141e+05  1  0  0
1.192589e+04 1.191395e+04 6.708005e+03 -5.340307e+10 4.593183e+02 -6.809802e+04 1.249494e+02 -1.552397e+04 1.317372e+04 1.229605e+04 5.813507e+06 -6.828195e+10 1.094979e+05 -2.637834e+07 3.013557e+03 -5.143308e+05  1  0  0
1.197896e+04 1.195317e+04 9.424009e+03 -5.390601e+10 7.382661e+02 -1.144737e+05 1.691751e+02 -2.221174e+04 1.264131e+04 1.209291e+04 6.150389e+06 -6.293896e+10 1.426445e+05 -3.575804e+07 4.836600e+03 -8.669091e+05  1  0  0
1.204497e+04 1.201597e+04 1.340680e+04 -5.453525e+10 1.074162e+03 -1.672203e+05 1.541180e+02 -1.703347e+04 1.179803e+04 1.103816e+04 3.688222e+06 -5.373974e+10 9.260766e+04 -2.300404e+07 7.167251e+03 -1.609641e+06  1  0  0
1.171860e+04 1.172869e+04 1.089796e+04 -5.146823e+10 1.926730e+02 -2.362418e+04 6.877781e+01 -7.031552e+03 1.234412e+04 1.220413e+04 4.530983e+05 -5.760950e+10 1.316524e+04 -2.530605e+06 2.798530e+03 -4.659026e+05  1  0  0
1.164931e+04 1.163894e+04 4.738544e+03 -5.082674e+10 2.191224e+02 -2.701303e+04 6.664691e+01 -6.616705e+03 1.257177e+04 1.252614e+04 7.404953e+05 -5.998265e+10 1.354813e+04 -2.643646e+06 1.238962e+03 -1.858198e+05  1  0  0
1.191838e+04 1.176954e+04 5.969343e+04 -5.335423e+10 2.457130e+02 -2.833481e+04 9.004347e+01 -9.016772e+03 1.348171e+04 1.325204e+04 1.259057e+06 -6.966159e+10 2.071091e+04 -4.387892e+06 3.767295e+03 -6.559456e+05  1  0  0
1.215144e+04 1.214174e+04 3.679140e+03 -5.555151e+10 1.512902e+02 -1.794868e+04 8.719202e+01 -8.572436e+03 1.217405e+04 1.174991e+04 8.962757e+05 -5.613962e+10 5.858521e+03 -1.049502e+06 1.250505e+03 -2.124302e+05  1  0  0
1.206817e+04 1.207878e+04 7.240029e+03 -5.475419e+10 9.600109e+01 -1.324065e+04 7.003720e+01 -7.068470e+03 1.131347e+04 1.145286e+04 1.351513e+05 -4.784240e+10 4.289236e+03 -7.053692e+05 5.986486e+02 -9.537223e+04  1  0  0
1.196484e+04 1.196217e+04 7.252014e+03 -5.377134e+10 2.455462e+02 -3.042738e+04 4.887099e+01 -4.263569e+03 1.158390e+04 1.169658e+04 8.755916e+04 -5.026153e+10 6.069006e+03 -1.129234e+06 8.289162e+02 -1.173900e+05  1  0  0
1.196922e+04 1.195656e+04 8.391691e+03 -5.381329e+10 9.028656e+01 -8.915431e+03 9.096571e+01 -9.436918e+03 1.186870e+04 1.165696e+04 3.724068e+05 -5.301660e+10 7.462278e+03 -1.372959e+06 7.662156e+02 -1.062032e+05  1  0  0
1.200739e+04 1.202658e+04 4.858838e+03 -5.417391e+10 2.051999e+02 -2.506621e+04 1.297918e+02 -1.399922e+04 1.194559e+04 1.169029e+04 4.295062e+05 -5.376426e+10 4.992296e+03 -9.120967e+05 7.384334e+02 -1.089212e+05  1  0  0
1.190441e+04 1.190636e+04 7.039226e+02 -5.319820e+10 1.195598e+02 -1.225002e+04 9.376498e+01 -9.120653e+03 1.225652e+04 1.215189e+04 3.725624e+05 -5.672104e+10 5.320042e+03 -9.497942e+05 2.372880e+03 -4.011941e+05  1  0  0
1.188122e+04 1.187845e+04 6.880186e+02 -5.298014e+10 1.453895e+02 -1.601528e+04 3.686964e+01 -2.991359e+03 1.235805e+04 1.218693e+04 1.816757e+05 -5.763350e+10 5.538264e+03 -1.040528e+06 9.906720e+02 -1.532826e+05  1  0  0
1.182872e+04 1.184150e+04 1.176960e+03 -5.248839e+10 8.969171e+01 -8.745560e+03 5.334463e+01 -5.162341e+03 1.272104e+04 1.286607e+04 3.513403e+05 -6.132252e+10 3.861193e+03 -6.982539e+05 4.799370e+02 -6.354427e+04  1  0  0
1.182279e+04 1.181561e+04 6.912100e+02 -5.243278e+10 8.705972e+01 -8.639497e+03 8.138998e+01 -7.921951e+03 1.232853e+04 1.217849e+04 1.359531e+06 -5.783472e+10 5.421102e+04 -1.267958e+07 9.938610e+02 -1.912813e+05  1  0  0
1.184553e+04 1.182926e+04 4.231295e+03 -5.264690e+10 2.311688e+02 -2.818772e+04 7.118471e+01 -7.062870e+03 1.286269e+04 1.212713e+04 4.420117e+06 -6.447157e+10 6.715474e+04 -1.589704e+07 1.836743e+03 -3.165462e+05  1  0  0
1.194129e+04 1.196821e+04 2.692103e+04 -5.355678e+10 4.830066e+02 -6.406516e+04 2.168041e+02 -2.763787e+04 1.279239e+04 1.263533e+04 1.070217e+05 -6.194569e+10 8.986704e+02 -1.366756e+05 1.197478e+02 -1.267908e+04  0  1  0
1.193716e+04 1.193979e+04 4.030408e+04 -5.352333e+10 1.045427e+03 -1.644922e+05 1.118465e+02 -1.178744e+04 1.282313e+04 1.272944e+04 1.450873e+05 -6.227523e+10 1.328827e+03 -2.182006e+05 8.585828e+01 -1.038313e+04  0  1  0
1.186836e+04 1.183748e+04 2.049503e+04 -5.286756e+10 9.301336e+02 -1.420319e+05 1.467324e+02 -1.633040e+04 1.256278e+04 1.246097e+04 4.023263e+04 -5.960133e+10 2.388755e+02 -3.139210e+04 3.622578e+01 -2.942953e+03  0  1  0
1.195438e+04 1.192233e+04 2.329933e+04 -5.367906e+10 1.629170e+03 -2.719854e+05 1.348843e+02 -1.528563e+04 1.257201e+04 1.250531e+04 2.381628e+04 -5.968678e+10 3.070010e+02 -3.845746e+04 1.274210e+02 -1.694012e+04  0  1  0
1.191442e+04 1.183003e+04 2.946519e+04 -5.330440e+10 1.256609e+03 -1.939372e+05 8.357738e+01 -9.141074e+03 1.257981e+04 1.251730e+04 3.805981e+04 -5.977066e+10 2.091695e+02 -2.558395e+04 7.516263e+01 -8.838002e+03  0  1  0
1.198319e+04 1.195821e+04 3.856837e+04 -5.395820e+10 1.381208e+03 -2.156013e+05 1.215914e+02 -1.444800e+04 1.268534e+04 1.259823e+04 7.395363e+04 -6.084621e+10 1.236476e+03 -2.011024e+05 5.679850e+01 -5.740647e+03  0  1  0
1.189538e+04 1.186639e+04 2.412010e+04 -5.312291e+10 8.702336e+02 -1.388026e+05 1.794593e+02 -2.255945e+04 1.265354e+04 1.252241e+04 6.840901e+04 -6.052324e+10 1.115147e+03 -1.732040e+05 6.923404e+01 -7.143528e+03  0  1  0
1.200125e+04 1.206613e+04 4.142289e+04 -5.413076e+10 5.782541e+02 -7.906432e+04 1.924733e+02 -2.428549e+04 1.285197e+04 1.284856e+04 1.098056e+05 -6.255548e+10 1.413895e+03 -2.255833e+05 3.856555e+01 -3.183027e+03  0  1  0
1.202008e+04 1.186006e+04 1.021828e+05 -5.433492e+10 1.332191e+03 -2.006670e+05 1.740499e+02 -1.897299e+04 1.275814e+04 1.259113e+04 1.474145e+05 -6.161410e+10 2.107017e+03 -3.552523e+05 5.860751e+01 -5.440218e+03  0  1  0
1.248813e+04 1.248135e+04 3.662909e+05 -5.899366e+10 2.900530e+03 -4.884577e+05 2.221100e+03 -3.716797e+05 1.277547e+04 1.271225e+04 1.820130e+05 -6.180466e+10 1.704799e+03 -2.685992e+05 1.237699e+02 -1.764945e+04  0  1  0
1.269038e+04 1.284259e+04 4.137067e+05 -6.103840e+10 1.420710e+03 -2.079137e+05 2.546654e+03 -4.988540e+05 1.273209e+04 1.261288e+04 1.053652e+05 -6.133213e+10 9.259327e+02 -1.480360e+05 6.336050e+01 -8.057531e+03  0  1  0
1.219143e+04 1.204721e+04 2.538699e+05 -5.604104e+10 8.505037e+02 -1.213000e+05 6.891643e+02 -9.437104e+04 1.262427e+04 1.258433e+04 2.639362e+04 -6.021140e+10 4.543634e+02 -6.178348e+04 6.305492e+01 -8.252679e+03  0  1  0
1.171259e+04 1.169147e+04 2.197656e+04 -5.141722e+10 1.305564e+03 -1.943265e+05 2.649830e+02 -3.598108e+04 1.260786e+04 1.259240e+04 8.307546e+03 -6.003925e+10 1.082753e+03 -1.703585e+05 1.754637e+01 -1.088165e+03  0  1  0
1.212100e+04 1.177251e+04 5.737428e+05 -5.549556e+10 2.499757e+03 -4.187184e+05 2.725487e+02 -3.162994e+04 1.240499e+04 1.243406e+04 8.915079e+03 -5.802316e+10 1.263905e+02 -1.393574e+04 1.530741e+02 -1.585811e+04  0  1  0
1.181214e+04 1.167574e+04 1.098191e+05 -5.237842e+10 2.220231e+03 -3.901486e+05 2.676970e+02 -3.322421e+04 1.251821e+04 1.250980e+04 1.170644e+04 -5.914514e+10 2.892792e+02 -3.593574e+04 1.053430e+02 -1.019961e+04  0  1  0
1.243624e+04 1.221194e+04 7.653218e+05 -5.864607e+10 3.850590e+03 -6.716209e+05 1.745014e+02 -1.999621e+04 1.262703e+04 1.260653e+04 1.860968e+04 -6.023588e+10 1.559474e+02 -1.917134e+04 5.450111e+01 -5.320052e+03  0  1  0
1.325755e+04 1.345111e+04 1.342689e+06 -6.729703e+10 6.634207e+03 -1.245308e+06 3.580324e+02 -4.966996e+04 1.270061e+04 1.271881e+04 3.068869e+04 -6.098241e+10 1.208194e+02 -1.243445e+04 2.668784e+01 -2.073958e+03  0  1  0
1.267745e+04 1.221655e+04 1.632759e+06 -6.141641e+10 1.935813e+03 -3.057758e+05 3.443695e+02 -4.445636e+04 1.265527e+04 1.267048e+04 1.847607e+04 -6.051985e+10 2.222470e+02 -2.628293e+04 1.284414e+02 -1.391113e+04  0  1  0
1.202467e+04 1.182518e+04 1.062885e+05 -5.438032e+10 1.148054e+03 -1.720510e+05 1.681318e+02 -1.950655e+04 1.298616e+04 1.308704e+04 1.220463e+05 -6.394296e+10 1.827936e+02 -2.119050e+04 9.503116e+01 -9.509289e+03  0  1  0
1.193959e+04 1.199043e+04 1.764981e+05 -5.360263e+10 1.033031e+03 -1.533766e+05 2.433976e+02 -2.964880e+04 1.310868e+04 1.317532e+04 6.155911e+04 -6.519355e+10 2.294732e+02 -2.637811e+04 6.740872e+01 -6.108649e+03  0  1  0
1.139005e+04 1.129810e+04 9.150411e+04 -4.850866e+10 1.688508e+03 -2.828362e+05 1.677634e+02 -2.440387e+04 1.258632e+04 1.260297e+04 5.757529e+04 -5.984392e+10 2.057828e+02 -2.473071e+04 4.622803e+01 -4.098266e+03  0  1  0
1.120890e+04 1.113147e+04 3.373242e+04 -4.687470e+10 9.665520e+02 -1.369900e+05 1.828639e+02 -2.246439e+04 1.227547e+04 1.228333e+04 1.638242e+04 -5.675775e+10 2.052949e+02 -2.230841e+04 5.661806e+01 -5.598762e+03  0  1  0
1.125770e+04 1.116947e+04 3.817786e+04 -4.730748e+10 4.836435e+02 -6.370387e+04 8.768728e+01 -8.646103e+03 1.218578e+04 1.217726e+04 1.092890e+04 -5.588561e+10 1.459144e+02 -1.487541e+04 2.855284e+01 -2.589864e+03  0  1  0
1.130389e+04 1.121514e+04 4.390967e+04 -4.771963e+10 5.601283e+02 -8.427305e+04 1.363566e+02 -1.696093e+04 1.221504e+04 1.219643e+04 8.434013e+03 -5.616761e+10 1.706453e+02 -1.954006e+04 4.512687e+01 -3.808800e+03  0  1  0
1.162242e+04 1.150344e+04 8.287762e+04 -5.061215e+10 1.123513e+03 -1.643184e+05 2.507219e+02 -3.081538e+04 1.222346e+04 1.224206e+04 1.409913e+04 -5.625156e+10 2.090457e+02 -2.575680e+04 2.873263e+01 -2.218292e+03  0  1  0
1.158813e+04 1.145735e+04 9.982214e+04 -5.030524e+10 1.669127e+03 -2.751963e+05 7.345351e+01 -7.069309e+03 1.226367e+04 1.225998e+04 4.282331e+03 -5.663789e+10 3.060923e+02 -3.818139e+04 5.090098e+01 -4.698603e+03  0  1  0
1.560543e+04 1.413742e+04 1.551334e+07 -1.006581e+11 6.764795e+04 -1.618419e+07 1.177794e+03 -1.839099e+05 1.327532e+04 1.227994e+04 2.829959e+06 -6.810820e+10 3.168371e+02 -4.119247e+04 4.116112e+01 -3.327740e+03  0  1  0
1.943479e+04 2.009432e+04 5.966079e+06 -1.517674e+11 1.306242e+04 -2.530845e+06 6.127571e+02 -8.248559e+04 1.558270e+04 1.569470e+04 1.086348e+05 -9.381282e+10 2.098791e+02 -2.393155e+04 5.000254e+01 -4.916087e+03  0  1  0
1.496426e+04 1.425126e+04 1.020654e+07 -9.043004e+10 1.171037e+04 -2.308513e+06 6.502347e+02 -9.361456e+04 1.450839e+04 1.457509e+04 8.295344e+05 -8.103118e+10 1.820580e+02 -2.177507e+04 5.824940e+01 -5.656302e+03  0  1  0
1.152845e+04 1.157882e+04 2.604719e+06 -5.079438e+10 1.999939e+04 -4.031835e+06 2.252215e+03 -4.413137e+05 1.274945e+04 1.286607e+04 3.906412e+05 -6.162696e+10 1.245159e+02 -1.265001e+04 8.040127e+01 -7.818108e+03  0  1  0
1.006343e+04 9.675508e+03 1.675262e+06 -3.802087e+10 1.174152e+04 -2.252480e+06 6.630786e+02 -9.136843e+04 1.191529e+04 1.193998e+04 1.173692e+04 -5.330527e+10 1.767417e+02 -2.078287e+04 7.119449e+01 -7.834506e+03  0  1  0
9.255871e+03 8.826364e+03 8.149337e+05 -3.162698e+10 6.016363e+03 -1.117055e+06 2.065873e+02 -2.469063e+04 1.184215e+04 1.182117e+04 9.569701e+03 -5.261746e+10 1.193990e+02 -1.279853e+04 2.619628e+01 -1.982000e+03  0  1  0
8.970991e+03 8.720247e+03 6.057131e+05 -2.954429e+10 4.823820e+03 -9.302340e+05 2.347789e+02 -2.835522e+04 1.199242e+04 1.195390e+04 1.068608e+04 -5.403419e+10 2.125328e+02 -2.451025e+04 2.832891e+01 -2.359720e+03  0  1  0
9.112125e+03 8.910994e+03 4.629460e+05 -3.046794e+10 1.063060e+03 -1.518521e+05 1.823025e+02 -2.023314e+04 1.197890e+04 1.196426e+04 1.996780e+04 -5.390977e+10 1.624527e+02 -1.836699e+04 3.623430e+01 -2.962497e+03  0  1  0
1.139632e+04 1.029040e+04 3.988178e+06 -5.017737e+10 6.144070e+03 -1.126325e+06 2.983614e+02 -3.556474e+04 1.212235e+04 1.202206e+04 9.117912e+04 -5.530794e+10 2.754762e+02 -3.425912e+04 4.346284e+01 -3.468191e+03  0  1  0
1.593388e+04 1.550463e+04 8.509582e+06 -1.018955e+11 5.841541e+04 -1.391228e+07 2.470626e+03 -4.433312e+05 1.291390e+04 1.254832e+04 4.937057e+05 -6.335203e+10 1.023624e+03 -1.531607e+05 1.247881e+02 -1.509686e+04  0  1  0
1.462391e+04 1.481204e+04 6.073684e+06 -8.459436e+10 1.787349e+04 -3.549253e+06 1.012037e+03 -1.635247e+05 1.259980e+04 1.264207e+04 4.996330e+04 -5.997575e+10 7.758688e+02 -1.394009e+05 3.587048e+02 -5.507808e+04  0  1  0
1.165393e+04 1.171373e+04 1.924460e+06 -5.166337e+10 1.852653e+04 -3.753463e+06 1.200274e+03 -1.752401e+05 1.248209e+04 1.244891e+04 3.019223e+04 -5.879403e+10 4.548832e+02 -6.387936e+04 7.538418e+01 -6.852725e+03  0  1  0
1.135860e+04 1.093157e+04 1.480327e+06 -4.879954e+10 1.247990e+04 -2.575067e+06 3.620848e+02 -4.998107e+04 1.263069e+04 1.263694e+04 6.141280e+03 -6.026751e+10 1.134379e+02 -1.297824e+04 1.698970e+02 -1.972006e+04  0  1  0
1.198933e+04 1.199319e+04 9.278760e+03 -5.400427e+10 8.038653e+01 -8.292860e+03 6.619084e+01 -5.653319e+03 1.177098e+04 1.154908e+04 7.749017e+05 -5.227040e+10 2.916450e+04 -6.518880e+06 9.739298e+02 -1.532185e+05  1  0  0
1.199412e+04 1.200857e+04 6.946942e+03 -5.404875e+10 1.480597e+02 -1.532828e+04 6.452974e+01 -7.322788e+03 1.129804e+04 1.083996e+04 8.064301e+05 -4.798204e+10 2.629612e+04 -5.931240e+06 2.979039e+03 -6.713517e+05  1  0  0
1.200316e+04 1.200298e+04 8.422587e+03 -5.413520e+10 1.505995e+02 -1.776469e+04 6.222541e+01 -5.386672e+03 1.243372e+04 1.186232e+04 3.391475e+06 -5.971867e+10 3.433606e+04 -7.707676e+06 4.933983e+03 -9.647648e+05  1  0  0
1.202352e+04 1.196979e+04 1.960247e+04 -5.433342e+10 3.355150e+02 -4.055148e+04 1.140517e+02 -1.196571e+04 1.522395e+04 1.526110e+04 3.179462e+06 -9.062837e+10 8.051555e+04 -1.868480e+07 7.354101e+03 -1.600440e+06  1  0  0
1.218094e+04 1.218810e+04 6.269227e+03 -5.583701e+10 3.452023e+02 -4.366592e+04 3.192646e+02 -3.853586e+04 1.293009e+04 1.294526e+04 6.251072e+06 -6.591859e+10 1.000974e+05 -2.331743e+07 8.387098e+03 -1.675736e+06  1  0  0
1.199980e+04 1.198166e+04 1.849958e+04 -5.410748e+10 3.377339e+02 -4.872798e+04 2.152891e+02 -2.617809e+04 1.119081e+04 1.042654e+04 3.730265e+06 -4.824276e+10 8.755274e+04 -2.018980e+07 6.534897e+03 -1.330794e+06  1  0  0
1.185233e+04 1.184964e+04 7.339983e+03 -5.271181e+10 1.867059e+02 -2.959222e+04 1.178665e+02 -1.339191e+04 1.254368e+04 1.139723e+04 6.224285e+06 -6.198351e+10 2.661667e+05 -6.964582e+07 1.522836e+04 -3.266532e+06  1  0  0
1.191444e+04 1.191207e+04 1.507744e+04 -5.329858e+10 5.089492e+02 -7.005182e+04 1.199928e+02 -1.327002e+04 1.371981e+04 1.264949e+04 9.443454e+06 -7.569489e+10 2.529501e+05 -6.464153e+07 6.064858e+03 -1.201929e+06  1  0  0
1.192621e+04 1.190457e+04 9.933535e+03 -5.340741e+10 5.723963e+02 -8.295725e+04 1.042762e+02 -1.322772e+04 1.493849e+04 1.512793e+04 1.291756e+07 -9.125419e+10 3.168008e+05 -8.193771e+07 2.285720e+04 -4.889330e+06  1  0  0
1.186516e+04 1.185481e+04 2.226017e+03 -5.283004e+10 2.053403e+02 -2.381184e+04 9.275090e+01 -9.858257e+03 1.354221e+04 1.371380e+04 6.830956e+06 -7.264585e+10 1.632296e+05 -4.002422e+07 8.192001e+03 -1.485666e+06  1  0  0
1.198436e+04 1.197385e+04 1.461701e+04 -5.395935e+10 1.221610e+02 -1.323666e+04 1.027942e+02 -1.040874e+04 1.125789e+04 1.048844e+04 3.086351e+06 -4.856847e+10 5.820590e+04 -1.282014e+07 4.377599e+03 -7.785658e+05  1  0  0
1.213449e+04 1.214371e+04 3.850381e+03 -5.538845e+10 1.812250e+02 -2.050062e+04 1.176258e+02 -1.250042e+04 1.118768e+04 1.078209e+04 1.027733e+06 -4.709725e+10 2.297403e+04 -5.122102e+06 3.992070e+03 -7.409460e+05  1  0  0
1.206500e+04 1.205230e+04 6.333876e+03 -5.472348e+10 1.161978e+02 -1.224791e+04 1.181136e+02 -1.217523e+04 1.121086e+04 1.079695e+04 1.095119e+06 -4.732960e+10 1.509076e+04 -3.122214e+06 3.071492e+03 -5.211709e+05  1  0  0
1.205067e+04 1.210022e+04 2.893544e+04 -5.459600e+10 2.797090e+02 -3.492890e+04 1.119347e+02 -1.249049e+04 1.245543e+04 1.246745e+04 3.670111e+03 -5.851898e+10 4.096569e+02 -5.391605e+04 1.093596e+02 -1.072773e+04  1  0  0
1.199354e+04 1.200255e+04 4.544431e+04 -5.405924e+10 2.147893e+02 -3.011154e+04 1.744477e+02 -1.945168e+04 1.244343e+04 1.245292e+04 1.224061e+04 -5.840383e+10 1.771443e+02 -1.932214e+04 5.089139e+01 -4.906507e+03  1  0  0
1.219499e+04 1.218979e+04 4.028842e+04 -5.598678e+10 4.449762e+02 -5.832026e+04 2.628836e+02 -3.307620e+04 1.232373e+04 1.233691e+04 1.135706e+04 -5.722663e+10 3.141770e+02 -3.798471e+04 3.728517e+01 -3.223824e+03  1  0  0
1.219507e+04 1.220799e+04 4.863358e+04 -5.599108e+10 8.162107e+02 -1.173077e+05 1.642049e+02 -1.797984e+04 1.220169e+04 1.218688e+04 8.719392e+03 -5.603849e+10 1.606635e+02 -1.768680e+04 1.030956e+02 -1.067343e+04  1  0  0
1.183709e+04 1.193672e+04 4.947227e+04 -5.258661e+10 2.030328e+02 -2.448531e+04 1.315591e+02 -1.382202e+04 1.208537e+04 1.210015e+04 6.646217e+03 -5.491845e+10 1.742241e+02 -2.021919e+04 6.230792e+01 -7.326845e+03  1  0  0
1.161847e+04 1.158221e+04 1.426087e+04 -5.054757e+10 4.244770e+02 -5.706406e+04 8.362776e+01 -8.162098e+03 1.203686e+04 1.203114e+04 4.788369e+03 -5.445435e+10 1.451263e+02 -1.580268e+04 5.350769e+01 -5.050047e+03  1  0  0
1.154806e+04 1.155109e+04 1.165893e+04 -4.990339e+10 4.450465e+02 -5.570139e+04 1.778661e+02 -2.024825e+04 1.207412e+04 1.209905e+04 5.839029e+03 -5.481042e+10 2.624846e+02 -3.511875e+04 3.593093e+01 -2.818872e+03  1  0  0
1.173208e+04 1.163917e+04 1.002939e+05 -5.163003e+10 2.945035e+02 -3.671410e+04 1.283088e+02 -1.448787e+04 1.234686e+04 1.222353e+04 8.541982e+04 -5.748373e+10 3.830792e+02 -5.558232e+04 7.593357e+01 -6.845649e+03  1  0  0
1.231691e+04 1.226422e+04 4.108342e+04 -5.717221e+10 2.965816e+02 -3.729575e+04 1.154348e+02 -1.187281e+04 1.247119e+04 1.239091e+04 5.775525e+04 -5.869745e+10 2.599702e+02 -3.327557e+04 7.611624e+01 -7.471494e+03  1  0  0
1.240869e+04 1.237176e+04 3.273353e+04 -5.806950e+10 4.503195e+02 -6.095012e+04 2.290513e+02 -2.770097e+04 1.219397e+04 1.216736e+04 2.840128e+04 -5.597199e+10 2.738769e+02 -3.296106e+04 5.884768e+01 -5.741280e+03  1  0  0
1.203146e+04 1.206286e+04 6.448153e+04 -5.442761e+10 6.996714e+02 -9.650208e+04 2.920425e+02 -3.512147e+04 1.196110e+04 1.194351e+04 7.993116e+03 -5.373625e+10 1.427126e+02 -1.689433e+04 8.119022e+01 -8.121022e+03  1  0  0
1.164962e+04 1.166746e+04 1.352238e+04 -5.083320e+10 4.536686e+02 -6.023587e+04 1.878494e+02 -2.307687e+04 1.200339e+04 1.198640e+04 8.872828e+03 -5.413762e+10 1.077349e+02 -1.315148e+04 8.138759e+01 -7.864731e+03  1  0  0
1.222038e+04 1.206781e+04 4.917023e+05 -5.641975e+10 5.858440e+02 -7.911807e+04 1.672475e+02 -2.012019e+04 1.225767e+04 1.225756e+04 2.077398e+04 -5.658635e+10 3.076699e+02 -3.663461e+04 8.717550e+01 -9.816534e+03  1  0  0
1.234626e+04 1.235583e+04 5.691311e+04 -5.746609e+10 5.519177e+02 -8.095697e+04 2.829139e+02 -3.498919e+04 1.236481e+04 1.237035e+04 9.298007e+03 -5.762824e+10 6.058848e+02 -8.434166e+04 6.428772e+01 -5.594454e+03  1  0  0
1.195662e+04 1.184105e+04 7.433111e+04 -5.372138e+10 4.832332e+02 -6.210440e+04 1.923366e+02 -2.127211e+04 1.220375e+04 1.223070e+04 6.421270e+03 -5.605754e+10 3.696485e+02 -4.757472e+04 3.847978e+01 -3.340014e+03  1  0  0
1.162857e+04 1.161035e+04 3.846295e+04 -5.065021e+10 9.276286e+02 -1.671758e+05 1.881047e+02 -2.221608e+04 1.221911e+04 1.218701e+04 2.081055e+04 -5.621214e+10 5.088692e+02 -6.615280e+04 9.410649e+01 -1.027532e+04  1  0  0
1.179585e+04 1.177644e+04 1.893053e+05 -5.225936e+10 3.715508e+02 -4.997712e+04 3.130026e+02 -4.170218e+04 1.208118e+04 1.206051e+04 3.816623e+04 -5.489140e+10 5.968962e+02 -8.213004e+04 6.440640e+01 -5.804405e+03  1  0  0
1.274832e+04 1.299000e+04 1.914104e+05 -6.153255e+10 5.636049e+02 -7.673486e+04 2.561001e+02 -3.346811e+04 1.197556e+04 1.195775e+04 2.244795e+04 -5.387918e+10 3.600709e+02 -4.538107e+04 5.345783e+01 -4.536040e+03  1  0  0
1.251747e+04 1.231775e+04 2.122978e+05 -5.922116e+10 5.678122e+02 -8.321595e+04 1.448637e+02 -1.543601e+04 1.202303e+04 1.203837e+04 2.354708e+04 -5.433041e+10 7.064956e+02 -9.861835e+04 3.849684e+01 -3.246294e+03  1  0  0
1.168321e+04 1.164529e+04 1.356772e+05 -5.119289e+10 8.150300e+02 -1.146622e+05 2.797660e+02 -3.324956e+04 1.210223e+04 1.210656e+04 5.830595e+03 -5.507961e+10 5.775980e+02 -8.454923e+04 7.835585e+01 -8.228717e+03  1  0  0
1.139060e+04 1.139040e+04 4.434234e+04 -4.849406e+10 5.315603e+02 -6.974347e+04 2.006940e+02 -2.984211e+04 1.219712e+04 1.217795e+04 6.743081e+04 -5.601867e+10 1.134999e+03 -1.709585e+05 9.304491e+01 -9.595339e+03  1  0  0
1.139099e+04 1.140748e+04 2.724360e+04 -4.849058e+10 5.082879e+02 -6.758317e+04 1.463660e+02 -1.723015e+04 1.210653e+04 1.202958e+04 3.484763e+04 -5.513280e+10 1.132755e+03 -1.656648e+05 5.198951e+01 -4.838360e+03  1  0  0
1.154643e+04 1.150835e+04 3.639076e+04 -4.989876e+10 9.469439e+02 -1.361133e+05 9.861272e+01 -1.052505e+04 1.228856e+04 1.229280e+04 2.041387e+04 -5.688697e+10 2.377142e+03 -3.949829e+05 1.535958e+02 -1.625245e+04  1  0  0
1.159890e+04 1.152907e+04 2.333187e+04 -5.037218e+10 9.423023e+02 -1.421789e+05 1.231979e+02 -1.565665e+04 1.245390e+04 1.238654e+04 2.483936e+04 -5.851258e+10 2.329970e+03 -4.070053e+05 1.790633e+02 -2.107544e+04  1  0  0
1.175041e+04 1.185158e+04 4.048445e+04 -5.177519e+10 7.160871e+02 -1.023663e+05 2.710343e+02 -3.708730e+04 1.245627e+04 1.244485e+04 2.340381e+04 -5.853546e+10 6.525076e+02 -9.690746e+04 5.176912e+01 -4.504313e+03  1  0  0
1.178860e+04 1.177725e+04 4.371244e+04 -5.213156e+10 1.009463e+03 -1.713503e+05 2.906616e+02 -3.708406e+04 1.245464e+04 1.242146e+04 3.654649e+04 -5.852475e+10 6.415658e+02 -9.121591e+04 5.573471e+01 -5.608640e+03  1  0  0
1.154958e+04 1.167870e+04 1.687437e+05 -4.998194e+10 4.252717e+03 -7.706073e+05 3.251522e+02 -5.047919e+04 1.554171e+04 1.404335e+04 2.215808e+07 -1.026557e+11 1.896997e+05 -5.024122e+07 3.236146e+04 -6.824864e+06  0  0  1
1.141686e+04 1.153609e+04 1.676502e+05 -4.878068e+10 1.128419e+04 -2.223191e+06 4.462032e+02 -5.751981e+04 1.659021e+04 1.716017e+04 1.468577e+07 -1.132098e+11 1.455876e+05 -3.535456e+07 1.487266e+04 -3.244511e+06  0  0  1
1.119635e+04 1.116637e+04 1.903016e+05 -4.682862e+10 9.275050e+03 -1.813058e+06 4.458867e+02 -6.017863e+04 1.535155e+04 1.493338e+04 3.088663e+06 -9.217192e+10 1.766822e+05 -4.329224e+07 2.110058e+03 -3.328256e+05  0  0  1
1.117287e+04 1.117279e+04 1.038413e+05 -4.658669e+10 1.127643e+03 -1.729471e+05 1.571299e+02 -1.787604e+04 1.297336e+04 1.297704e+04 2.369985e+06 -6.474718e+10 4.263061e+04 -9.588636e+06 3.694293e+03 -6.154033e+05  0  0  1
1.174824e+04 1.181235e+04 5.087844e+04 -5.175936e+10 4.579816e+03 -7.764755e+05 1.414265e+02 -1.644992e+04 1.087747e+04 1.079308e+04 2.041776e+05 -4.407237e+10 7.979359e+04 -1.815867e+07 4.096077e+03 -7.167525e+05  0  0  1
1.186072e+04 1.183699e+04 2.624389e+04 -5.279828e+10 2.018996e+03 -3.216056e+05 3.156375e+02 -3.748941e+04 1.089498e+04 1.053408e+04 7.257015e+05 -4.443603e+10 4.342743e+04 -9.621664e+06 5.132480e+03 -9.360431e+05  0  0  1
1.195251e+04 1.192491e+04 4.505628e+04 -5.367040e+10 1.415118e+03 -2.154311e+05 2.569732e+02 -3.580724e+04 1.064780e+04 1.053283e+04 5.956840e+05 -4.229824e+10 2.865965e+04 -6.255747e+06 2.007114e+03 -3.156736e+05  0  0  1
1.171081e+04 1.173707e+04 2.821061e+05 -5.150823e+10 2.066802e+03 -3.382274e+05 1.170922e+02 -1.304916e+04 1.171608e+04 1.093061e+04 2.520107e+06 -5.248404e+10 3.870498e+04 -8.637173e+06 3.816374e+03 -6.687694e+05  0  0  1
1.153501e+04 1.148799e+04 9.711698e+04 -4.981993e+10 1.320617e+03 -2.077232e+05 1.459402e+02 -1.580444e+04 1.298695e+04 1.247043e+04 8.344281e+06 -6.738187e+10 6.823230e+05 -1.919957e+08 4.183962e+03 -7.271521e+05  0  0  1
1.200625e+04 1.201924e+04 2.636809e+04 -5.417198e+10 9.303555e+02 -1.307977e+05 1.285138e+02 -1.401565e+04 1.339258e+04 1.316098e+04 5.467334e+06 -7.046042e+10 1.892186e+05 -4.598317e+07 5.148458e+03 -9.085552e+05  0  0  1