1.209918e+04 1.208724e+04 8.931348e+03 -5.505162e+10 1.042513e+03 -1.585945e+05 2.538840e+02 -3.010354e+04 1.008819e+04 1.011327e+04 7.824597e+05 -3.784844e+10 3.289734e+04 -7.124019e+06 1.480414e+03 -2.272466e+05  0  0  1
1.218347e+04 1.218945e+04 7.019175e+03 -5.586174e+10 7.796403e+02 -1.092593e+05 1.016507e+02 -1.036425e+04 1.065615e+04 1.007392e+04 4.062970e+06 -4.379471e+10 2.217623e+05 -5.929346e+07 4.414988e+03 -8.586331e+05  0  0  1
1.231616e+04 1.234885e+04 1.495997e+04 -5.715413e+10 1.277737e+03 -2.149051e+05 7.356980e+01 -7.302603e+03 1.017557e+04 9.121784e+03 4.786177e+06 -4.018800e+10 1.041863e+05 -2.706136e+07 2.173975e+03 -3.843965e+05  0  0  1
1.094715e+04 1.007166e+04 1.936225e+07 -5.256022e+10 2.371659e+05 -6.478416e+07 2.977250e+03 -4.956727e+05 9.881508e+03 9.762947e+03 1.580406e+07 -4.232263e+10 1.181782e+05 -2.946777e+07 3.450299e+03 -6.032660e+05  0  0  1
8.585991e+03 8.085333e+03 1.223620e+07 -3.163808e+10 3.200907e+05 -8.624115e+07 9.796788e+03 -1.905501e+06 8.811807e+03 7.900277e+03 1.886110e+07 -3.586952e+10 1.335589e+05 -3.236150e+07 1.464476e+04 -2.864972e+06  0  0  1
1.283032e+04 1.274001e+04 6.431848e+06 -6.497551e+10 3.025719e+05 -7.859123e+07 2.316436e+04 -5.058783e+06 1.429132e+04 1.373605e+04 1.392689e+07 -8.399658e+10 4.600585e+05 -1.211287e+08 1.448002e+04 -2.913606e+06  0  0  1
1.458069e+04 1.494689e+04 1.516113e+07 -8.790997e+10 1.681269e+05 -4.101909e+07 4.486684e+04 -9.951038e+06 1.487908e+04 1.568758e+04 1.298120e+07 -9.054048e+10 2.643180e+05 -6.938237e+07 6.991839e+03 -1.268224e+06  0  0  1 
1.265485e+04 1.207406e+04 1.184725e+07 -6.545230e+10 9.792390e+05 -2.886927e+08 2.681641e+04 -5.862197e+06 1.295303e+04 1.100417e+04 2.128096e+07 -7.244470e+10 3.974196e+05 -1.066510e+08 7.847727e+03 -1.493034e+06  0  0  1
1.429653e+04 1.461626e+04 1.467095e+07 -8.436844e+10 7.051977e+04 -1.613304e+07 6.039411e+03 -1.155701e+06 1.404298e+04 1.431710e+04 2.511957e+07 -8.582857e+10 3.539746e+05 -9.631714e+07 1.361330e+04 -2.726405e+06  0  0  1
1.330920e+04 1.377293e+04 1.806153e+07 -7.481274e+10 2.199233e+05 -5.774013e+07 2.264866e+04 -4.927305e+06 1.370997e+04 1.548478e+04 3.232316e+07 -8.507766e+10 3.768951e+05 -9.997203e+07 1.409612e+04 -2.987239e+06  0  0  1
1.031375e+04 9.496725e+03 2.484849e+07 -4.940026e+10 9.247770e+04 -2.160473e+07 5.518485e+03 -9.816577e+05 1.035813e+04 1.002539e+04 3.111367e+07 -5.233949e+10 2.009134e+05 -5.064601e+07 1.332836e+04 -2.889435e+06  0  0  1 
6.065357e+03 6.051601e+03 6.679276e+06 -1.541481e+10 4.476383e+04 -1.022246e+07 3.593390e+03 -6.510106e+05 6.751098e+03 7.194140e+03 1.302648e+07 -2.119437e+10 9.359233e+04 -2.229517e+07 8.953420e+03 -1.765686e+06  0  0  1 
8.753015e+03 7.081274e+03 1.800777e+07 -3.510280e+10 2.273043e+05 -5.833164e+07 1.063867e+04 -2.133606e+06 1.058365e+04 1.082781e+04 2.231299e+07 -5.063148e+10 3.852570e+05 -1.018886e+08 1.182274e+04 -2.535993e+06  0  0  1
1.117854e+04 1.123099e+04 1.001200e+07 -5.070879e+10 8.469800e+04 -1.953124e+07 5.841128e+03 -1.045300e+06 1.114531e+04 1.123796e+04 1.219580e+07 -5.131685e+10 7.867786e+04 -1.841280e+07 2.151374e+03 -3.850596e+05  0  0  1 
1.228818e+04 1.239480e+04 2.930544e+06 -5.809004e+10 7.701044e+04 -1.802560e+07 4.784341e+03 -8.859907e+05 1.115007e+04 1.040073e+04 1.160794e+07 -5.111320e+10 1.644348e+05 -4.109172e+07 3.960997e+03 -7.697145e+05  0  0  1 
1.177557e+04 1.088735e+04 9.262920e+06 -5.584046e+10 9.984197e+04 -2.324518e+07 8.564718e+03 -1.615389e+06 1.217047e+04 1.214973e+04 7.814836e+06 -5.897263e+10 1.591182e+05 -3.924442e+07 1.238665e+04 -2.561889e+06  0  0  1 
1.648381e+04 1.683776e+04 8.063111e+06 -1.089666e+11 8.285782e+04 -1.955055e+07 6.802009e+03 -1.313531e+06 1.602925e+04 1.672649e+04 1.830657e+07 -1.072729e+11 2.405384e+05 -6.765378e+07 1.749288e+03 -2.908243e+05  0  0  1 
1.460896e+04 1.448526e+04 1.124050e+07 -8.659294e+10 5.653650e+04 -1.305308e+07 3.457975e+03 -6.112749e+05 1.183402e+04 9.539061e+03 3.104985e+07 -6.546454e+10 2.692523e+04 -5.795711e+06 1.301649e+03 -1.938333e+05  0  0  1
1.224221e+04 1.163663e+04 4.060702e+06 -5.811307e+10 3.893069e+04 -8.511906e+06 1.945670e+03 -3.104272e+05 8.425794e+03 7.903599e+03 3.592092e+06 -2.711250e+10 3.863364e+04 -8.462197e+06 7.872093e+02 -1.129262e+05  0  0  1
1.320063e+04 1.241850e+04 1.378312e+07 -7.191288e+10 4.735893e+04 -1.108300e+07 4.529364e+03 -8.181489e+05 1.226209e+04 9.380681e+03 3.427120e+07 -7.099364e+10 3.614543e+04 -8.158367e+06 4.477652e+03 -9.183655e+05  0  0  1
1.457078e+04 1.674970e+04 2.003847e+07 -8.981587e+10 1.393885e+05 -3.465850e+07 5.777161e+03 -1.039236e+06 1.442419e+04 1.543107e+04 5.590989e+07 -1.031184e+11 5.603123e+04 -1.329352e+07 3.542730e+03 -6.628454e+05  0  0  1
1.465115e+04 1.748653e+04 2.480097e+07 -9.276940e+10 1.638813e+05 -4.255528e+07 1.463456e+03 -2.408861e+05 1.579623e+04 2.184117e+04 6.528504e+07 -1.238582e+11 3.705421e+05 -1.090846e+08 1.489866e+03 -2.631432e+05  0  0  1
1.707640e+04 1.725171e+04 6.767265e+06 -1.165642e+11 1.075833e+05 -2.682742e+07 3.637080e+03 -6.333285e+05 2.095127e+04 2.193360e+04 3.530190e+06 -1.762310e+11 1.326444e+04 -3.046895e+06 3.478039e+03 -6.473154e+05  0  0  1
1.476102e+04 1.396079e+04 1.239756e+07 -8.890173e+10 1.709267e+05 -4.291903e+07 3.774225e+03 -6.815263e+05 1.795507e+04 1.827564e+04 1.734120e+07 -1.337048e+11 1.925153e+05 -4.944476e+07 7.812504e+03 -1.476664e+06  0  0  1
1.186681e+04 1.197722e+04 1.036774e+07 -5.712320e+10 1.980176e+05 -5.085827e+07 3.003511e+04 -7.237471e+06 1.402953e+04 1.449039e+04 1.389786e+07 -8.101242e+10 1.987920e+05 -5.205525e+07 3.234396e+04 -8.185633e+06  0  0  1
1.153635e+04 1.221776e+04 1.062700e+07 -5.415845e+10 2.996856e+05 -8.223173e+07 5.796460e+03 -1.093704e+06 1.214038e+04 1.341287e+04 1.099179e+07 -5.998248e+10 1.451055e+05 -3.628714e+07 6.987549e+03 -1.376672e+06  0  0  1
9.093323e+03 8.569885e+03 6.393013e+06 -3.273564e+10 6.231196e+04 -1.483314e+07 4.074325e+03 -7.477824e+05 8.561817e+03 8.355639e+03 1.490448e+07 -3.257165e+10 5.518011e+04 -1.306794e+07 6.117702e+03 -1.174308e+06  0  0  1
1.577994e+04 1.609351e+04 2.932298e+07 -1.086895e+11 1.407691e+05 -3.651320e+07 4.827018e+03 -9.296157e+05 1.159389e+04 1.426366e+04 2.641019e+07 -6.113745e+10 2.360536e+04 -5.305504e+06 2.900196e+03 -5.099373e+05  0  0  1
2.153211e+04 2.186975e+04 8.482912e+05 -1.854002e+11 1.495550e+04 -3.566741e+06 2.433042e+03 -4.537521e+05 1.750382e+04 1.625057e+04 8.026995e+06 -1.231742e+11 1.138109e+05 -2.802720e+07 2.543443e+03 -4.147858e+05  0  0  1
1.228116e+04 1.212452e+04 4.099150e+05 -5.697667e+10 1.071943e+04 -2.082693e+06 2.556534e+02 -3.003685e+04 1.394180e+04 1.264280e+04 7.111309e+06 -7.719790e+10 1.540109e+05 -3.928098e+07 6.513605e+03 -1.198698e+06  0  0  1
1.218488e+04 1.188180e+04 4.136301e+05 -5.604415e+10 1.524675e+04 -3.181523e+06 2.217424e+02 -2.485806e+04 1.352742e+04 1.260458e+04 6.906328e+06 -7.253994e+10 2.517613e+05 -6.578347e+07 3.208812e+03 -5.533728e+05  0  0  1
1.272029e+04 1.257297e+04 5.630767e+05 -6.140304e+10 2.018389e+04 -4.311703e+06 1.298735e+03 -1.990992e+05 1.452923e+04 1.344543e+04 1.148157e+07 -8.576972e+10 3.217253e+05 -8.311867e+07 6.708523e+03 -1.224416e+06  0  0  1
1.239932e+04 1.216993e+04 3.623260e+05 -5.811417e+10 2.597787e+04 -5.557305e+06 1.869151e+03 -2.995769e+05 1.289967e+04 1.145371e+04 7.017056e+06 -6.593845e+10 2.733637e+05 -6.918916e+07 7.415175e+03 -1.356954e+06  0  0  1
1.252859e+04 1.239204e+04 3.310358e+05 -5.938135e+10 4.354965e+04 -9.877285e+06 6.093232e+02 -8.180927e+04 1.261843e+04 1.106250e+04 6.670161e+06 -6.293003e+10 1.398431e+05 -3.512378e+07 6.408966e+03 -1.128182e+06  0  0  1
1.251614e+04 1.227402e+04 2.035913e+05 -5.920440e+10 3.139421e+04 -7.265786e+06 1.621867e+02 -1.879634e+04 1.181274e+04 1.095952e+04 4.087965e+06 -5.404088e+10 1.276819e+05 -3.188866e+07 2.471515e+03 -4.311493e+05  0  0  1
1.238708e+04 1.228920e+04 2.133934e+05 -5.793187e+10 1.270803e+04 -2.808392e+06 7.998651e+02 -1.288111e+05 1.156207e+04 1.080507e+04 3.435809e+06 -5.145226e+10 1.606050e+05 -4.062409e+07 3.030827e+03 -5.364198e+05  0  0  1
1.280431e+04 1.282020e+04 2.812826e+05 -6.213971e+10 5.270924e+03 -1.035075e+06 6.005418e+02 -8.236661e+04 1.233283e+04 1.163613e+04 4.119554e+06 -5.902262e+10 3.632098e+05 -9.359470e+07 1.649498e+04 -3.803722e+06  0  0  1
1.255645e+04 1.241378e+04 1.409760e+05 -5.958006e+10 1.410270e+04 -2.911716e+06 1.266322e+03 -1.956619e+05 1.169246e+04 1.061034e+04 3.899354e+06 -5.283888e+10 2.807164e+05 -7.112488e+07 5.786570e+03 -1.035873e+06  0  0  1
1.247460e+04 1.237203e+04 1.074846e+05 -5.875197e+10 1.005490e+04 -2.040204e+06 9.814102e+01 -1.048071e+04 1.151323e+04 1.059709e+04 3.151534e+06 -5.088983e+10 5.569122e+04 -1.341712e+07 2.623941e+03 -4.597462e+05  0  0  1
1.230563e+04 1.227951e+04 8.355756e+04 -5.707968e+10 6.388836e+03 -1.205217e+06 6.091325e+01 -5.541655e+03 1.127443e+04 1.084305e+04 1.547583e+06 -4.808064e+10 5.179983e+04 -1.208815e+07 8.310969e+02 -1.251537e+05  0  0  1
1.249324e+04 1.245861e+04 1.726043e+05 -5.896389e+10 9.011972e+03 -1.883614e+06 2.990546e+02 -3.742280e+04 1.273865e+04 1.179269e+04 4.228978e+06 -6.311718e+10 8.316919e+04 -1.942322e+07 3.903667e+03 -7.002049e+05  0  0  1
1.255149e+04 1.241639e+04 2.558693e+05 -5.957832e+10 1.495796e+04 -2.995442e+06 2.944200e+02 -3.699473e+04 1.229096e+04 1.187314e+04 2.630879e+06 -5.799805e+10 9.920621e+04 -2.313801e+07 5.478268e+03 -1.007193e+06  0  0  1
1.221258e+04 1.216350e+04 9.256102e+04 -5.617867e+10 1.565699e+04 -3.208683e+06 9.323474e+02 -1.466863e+05 1.454595e+04 1.338435e+04 5.857520e+06 -8.360068e+10 1.698568e+05 -4.280629e+07 1.240328e+04 -2.590507e+06  0  0  1
1.234866e+04 1.233979e+04 6.458498e+04 -5.749272e+10 1.615043e+04 -3.323011e+06 4.769389e+02 -6.517270e+04 1.393912e+04 1.295487e+04 5.835237e+06 -7.662585e+10 8.627609e+04 -2.081030e+07 1.970659e+03 -3.249244e+05  0  0  1
1.242563e+04 1.244059e+04 1.187311e+05 -5.827221e+10 1.481207e+04 -3.031992e+06 1.707239e+03 -3.071995e+05 1.340542e+04 1.296317e+04 5.499754e+06 -7.061949e+10 1.918001e+05 -4.800379e+07 9.174948e+03 -2.108211e+06  0  0  1
1.218056e+04 1.205118e+04 7.885660e+04 -5.586341e+10 5.727460e+03 -1.148256e+06 4.548042e+02 -6.414457e+04 1.209516e+04 1.108306e+04 3.507320e+06 -5.647073e+10 1.019928e+05 -2.487466e+07 2.328546e+03 -3.867789e+05  0  0  1
1.207586e+04 1.203148e+04 8.009000e+04 -5.485782e+10 2.739932e+03 -5.157703e+05 1.064490e+03 -1.818301e+05 1.248461e+04 1.205833e+04 3.758515e+06 -6.037729e+10 1.450444e+05 -3.570245e+07 3.367781e+03 -6.249079e+05  0  0  1
1.219439e+04 1.225898e+04 1.037392e+05 -5.600733e+10 1.614647e+04 -3.372396e+06 1.260845e+03 -2.306327e+05 1.253884e+04 1.244717e+04 3.986243e+06 -6.100678e+10 2.404169e+05 -6.016988e+07 1.273780e+04 -2.789042e+06  0  0  1
1.210148e+04 1.203012e+04 1.173955e+05 -5.511866e+10 1.109934e+04 -2.236744e+06 2.631932e+03 -4.639757e+05 1.200535e+04 1.107537e+04 3.637843e+06 -5.566612e+10 1.624523e+05 -4.065560e+07 1.049108e+04 -2.168879e+06  0  0  1
1.208261e+04 1.195453e+04 1.163037e+05 -5.493749e+10 7.521928e+03 -1.506803e+06 1.988736e+02 -2.403182e+04 1.153109e+04 1.102625e+04 2.007709e+06 -5.057676e+10 8.047262e+04 -1.920222e+07 2.438629e+03 -4.049215e+05  0  0  1
1.236929e+04 1.238665e+04 1.671330e+05 -5.773770e+10 3.847649e+03 -6.831918e+05 2.099751e+02 -2.878038e+04 1.228526e+04 1.141910e+04 2.562941e+06 -5.791085e+10 1.680106e+05 -4.091487e+07 6.642562e+03 -1.476779e+06  0  0  1
1.235548e+04 1.236382e+04 1.687864e+05 -5.760287e+10 9.732100e+03 -1.925143e+06 8.360158e+02 -1.245923e+05 1.224669e+04 1.184239e+04 2.197970e+06 -5.738530e+10 1.695418e+05 -4.191684e+07 8.997833e+03 -1.969714e+06  0  0  1
1.231330e+04 1.230120e+04 1.537079e+05 -5.718370e+10 1.164285e+04 -2.374826e+06 4.126955e+02 -5.421803e+04 1.209414e+04 1.140339e+04 2.032856e+06 -5.584415e+10 5.686469e+04 -1.374037e+07 7.080251e+03 -1.519937e+06  0  0  1
1.250804e+04 1.254347e+04 2.023798e+05 -5.912318e+10 8.371068e+03 -1.584492e+06 8.351636e+02 -1.283661e+05 1.267981e+04 1.284398e+04 2.560161e+06 -6.182493e+10 7.047168e+04 -1.619652e+07 2.960099e+03 -5.155135e+05  0  0  1
1.214145e+04 1.198206e+04 1.421422e+05 -5.551271e+10 1.113410e+03 -1.743924e+05 6.389936e+02 -9.639297e+04 1.180193e+04 1.143819e+04 1.113974e+06 -5.269889e+10 8.284757e+04 -1.917718e+07 3.841593e+03 -7.495064e+05  0  0  1
1.209979e+04 1.209114e+04 5.584687e+04 -5.507687e+10 1.790044e+04 -3.561674e+06 5.292701e+02 -9.009583e+04 1.315212e+04 1.247876e+04 2.406092e+06 -6.663010e+10 8.281968e+04 -2.114789e+07 7.628672e+03 -1.476619e+06  0  0  1
1.224131e+04 1.221672e+04 3.233668e+04 -5.643222e+10 7.544650e+03 -1.441465e+06 3.405600e+02 -4.575615e+04 1.258858e+04 1.177122e+04 4.319124e+06 -6.164279e+10 2.534229e+04 -5.495282e+06 3.583119e+03 -6.425529e+05  0  0  1
1.214886e+04 1.207317e+04 3.487732e+04 -5.553954e+10 5.302969e+03 -1.005529e+06 2.369234e+02 -2.955056e+04 1.152131e+04 1.093434e+04 1.881535e+06 -5.043503e+10 5.848492e+04 -1.387387e+07 2.815362e+03 -5.137806e+05  0  0  1
1.211296e+04 1.206311e+04 2.962492e+04 -5.519231e+10 7.168445e+03 -1.311902e+06 2.910428e+02 -3.685871e+04 1.213785e+04 1.167163e+04 2.040750e+06 -5.626789e+10 3.695972e+04 -8.061319e+06 2.594318e+03 -4.450426e+05  0  0  1
1.214271e+04 1.209638e+04 3.671062e+04 -5.548113e+10 3.210804e+03 -5.474701e+05 6.280392e+02 -9.790390e+04 1.157823e+04 1.131447e+04 8.287379e+05 -5.051599e+10 8.086431e+04 -1.908377e+07 2.689190e+03 -4.593685e+05  0  0  1
1.213219e+04 1.214367e+04 2.804785e+04 -5.537640e+10 7.093478e+03 -1.314410e+06 2.681239e+02 -3.155042e+04 1.192906e+04 1.143711e+04 1.767826e+06 -5.416293e+10 1.138772e+04 -2.263141e+06 3.597863e+03 -6.479752e+05  0  0  1
1.206437e+04 1.206732e+04 1.058080e+04 -5.471926e+10 2.378723e+03 -3.850861e+05 9.020982e+01 -9.385519e+03 1.168260e+04 1.149987e+04 9.334593e+05 -5.151751e+10 1.316077e+04 -2.623567e+06 7.105806e+02 -1.015504e+05  0  0  1
1.226005e+04 1.225632e+04 3.240231e+04 -5.661439e+10 3.823095e+03 -6.477616e+05 4.408236e+02 -5.768451e+04 1.173533e+04 1.145786e+04 6.504267e+05 -5.188781e+10 8.806914e+04 -2.064892e+07 2.855139e+03 -5.032339e+05  0  0  1
1.245648e+04 1.242406e+04 2.665503e+04 -5.853884e+10 2.329045e+03 -3.821128e+05 7.989202e+02 -1.119255e+05 1.254975e+04 1.254024e+04 1.495898e+06 -6.007658e+10 1.840327e+05 -4.488698e+07 4.933247e+03 -9.398775e+05  0  0  1
1.272466e+04 1.274181e+04 5.396895e+04 -6.123551e+10 5.089109e+03 -9.315624e+05 5.071828e+02 -6.479379e+04 1.323682e+04 1.283371e+04 1.238339e+06 -6.703411e+10 2.304436e+05 -5.692892e+07 1.010637e+04 -2.250505e+06  0  0  1
1.240296e+04 1.242486e+04 2.327138e+04 -5.800911e+10 3.161034e+03 -5.515108e+05 1.883460e+02 -2.596494e+04 1.248469e+04 1.208827e+04 1.965915e+06 -5.962624e+10 8.163131e+04 -1.957754e+07 4.081410e+03 -7.342166e+05  0  0  1
1.240553e+04 1.233248e+04 4.041357e+04 -5.804159e+10 3.763649e+03 -6.604319e+05 2.314542e+02 -2.979829e+04 1.194800e+04 1.183022e+04 1.298161e+06 -5.414659e+10 7.897815e+04 -1.843703e+07 3.299665e+03 -5.936868e+05  0  0  1
1.231773e+04 1.229828e+04 1.615000e+04 -5.716995e+10 3.994822e+03 -7.426847e+05 3.270323e+02 -4.451887e+04 1.143683e+04 1.091882e+04 1.404702e+06 -4.947344e+10 1.158399e+04 -2.264020e+06 5.883111e+02 -8.812915e+04  0  0  1
1.228116e+04 1.212452e+04 4.099150e+05 -5.697667e+10 1.071943e+04 -2.082693e+06 2.556534e+02 -3.003685e+04 1.394180e+04 1.264280e+04 7.111309e+06 -7.719790e+10 1.540109e+05 -3.928098e+07 6.513605e+03 -1.198698e+06  1  0  0
1.218488e+04 1.188180e+04 4.136301e+05 -5.604415e+10 1.524675e+04 -3.181523e+06 2.217424e+02 -2.485806e+04 1.352742e+04 1.260458e+04 6.906328e+06 -7.253994e+10 2.517613e+05 -6.578347e+07 3.208812e+03 -5.533728e+05  1  0  0
1.272029e+04 1.257297e+04 5.630767e+05 -6.140304e+10 2.018389e+04 -4.311703e+06 1.298735e+03 -1.990992e+05 1.452923e+04 1.344543e+04 1.148157e+07 -8.576972e+10 3.217253e+05 -8.311867e+07 6.708523e+03 -1.224416e+06  1  0  0
1.239932e+04 1.216993e+04 3.623260e+05 -5.811417e+10 2.597787e+04 -5.557305e+06 1.869151e+03 -2.995769e+05 1.289967e+04 1.145371e+04 7.017056e+06 -6.593845e+10 2.733637e+05 -6.918916e+07 7.415175e+03 -1.356954e+06  1  0  0
1.252859e+04 1.239204e+04 3.310358e+05 -5.938135e+10 4.354965e+04 -9.877285e+06 6.093232e+02 -8.180927e+04 1.261843e+04 1.106250e+04 6.670161e+06 -6.293003e+10 1.398431e+05 -3.512378e+07 6.408966e+03 -1.128182e+06  1  0  0
1.251614e+04 1.227402e+04 2.035913e+05 -5.920440e+10 3.139421e+04 -7.265786e+06 1.621867e+02 -1.879634e+04 1.181274e+04 1.095952e+04 4.087965e+06 -5.404088e+10 1.276819e+05 -3.188866e+07 2.471515e+03 -4.311493e+05  1  0  0
1.238708e+04 1.228920e+04 2.133934e+05 -5.793187e+10 1.270803e+04 -2.808392e+06 7.998651e+02 -1.288111e+05 1.156207e+04 1.080507e+04 3.435809e+06 -5.145226e+10 1.606050e+05 -4.062409e+07 3.030827e+03 -5.364198e+05  1  0  0
1.280431e+04 1.282020e+04 2.812826e+05 -6.213971e+10 5.270924e+03 -1.035075e+06 6.005418e+02 -8.236661e+04 1.233283e+04 1.163613e+04 4.119554e+06 -5.902262e+10 3.632098e+05 -9.359470e+07 1.649498e+04 -3.803722e+06  1  0  0
1.255645e+04 1.241378e+04 1.409760e+05 -5.958006e+10 1.410270e+04 -2.911716e+06 1.266322e+03 -1.956619e+05 1.169246e+04 1.061034e+04 3.899354e+06 -5.283888e+10 2.807164e+05 -7.112488e+07 5.786570e+03 -1.035873e+06  1  0  0
1.247460e+04 1.237203e+04 1.074846e+05 -5.875197e+10 1.005490e+04 -2.040204e+06 9.814102e+01 -1.048071e+04 1.151323e+04 1.059709e+04 3.151534e+06 -5.088983e+10 5.569122e+04 -1.341712e+07 2.623941e+03 -4.597462e+05  1  0  0
1.230563e+04 1.227951e+04 8.355756e+04 -5.707968e+10 6.388836e+03 -1.205217e+06 6.091325e+01 -5.541655e+03 1.127443e+04 1.084305e+04 1.547583e+06 -4.808064e+10 5.179983e+04 -1.208815e+07 8.310969e+02 -1.251537e+05  1  0  0
1.249324e+04 1.245861e+04 1.726043e+05 -5.896389e+10 9.011972e+03 -1.883614e+06 2.990546e+02 -3.742280e+04 1.273865e+04 1.179269e+04 4.228978e+06 -6.311718e+10 8.316919e+04 -1.942322e+07 3.903667e+03 -7.002049e+05  1  0  0
1.255149e+04 1.241639e+04 2.558693e+05 -5.957832e+10 1.495796e+04 -2.995442e+06 2.944200e+02 -3.699473e+04 1.229096e+04 1.187314e+04 2.630879e+06 -5.799805e+10 9.920621e+04 -2.313801e+07 5.478268e+03 -1.007193e+06  1  0  0
1.233382e+04 1.236167e+04 1.711374e+04 -5.732769e+10 2.986102e+02 -3.678628e+04 8.457082e+01 -8.977538e+03 1.336616e+04 1.321256e+04 1.192103e+06 -6.839124e+10 5.823104e+04 -1.277722e+07 1.330270e+03 -2.313448e+05  1  0  0
1.204234e+04 1.204419e+04 2.527709e+04 -5.451513e+10 3.492471e+02 -4.587936e+04 1.056029e+02 -1.109763e+04 1.255636e+04 1.246814e+04 7.631111e+05 -5.983855e+10 4.101860e+04 -8.880622e+06 5.552881e+03 -1.016712e+06  1  0  0
1.195199e+04 1.194377e+04 6.149473e+03 -5.364936e+10 3.525096e+02 -4.513121e+04 1.406370e+02 -1.539910e+04 1.211218e+04 1.216614e+04 2.107375e+05 -5.525981e+10 1.157117e+04 -2.429190e+06 3.616629e+03 -6.836946e+05  1  0  0
1.206011e+04 1.205794e+04 5.246573e+03 -5.467639e+10 2.058326e+02 -2.440060e+04 8.130890e+01 -7.640302e+03 1.295321e+04 1.262767e+04 1.276075e+06 -6.408645e+10 3.624484e+04 -8.360745e+06 4.322743e+03 -7.579368e+05  1  0  0
1.209827e+04 1.209836e+04 4.450970e+03 -5.504105e+10 1.591458e+02 -1.715671e+04 3.642534e+01 -3.490821e+03 1.381992e+04 1.309515e+04 2.094613e+06 -7.371579e+10 6.781340e+04 -1.560132e+07 2.541571e+03 -4.240971e+05  1  0  0
1.204135e+04 1.202942e+04 3.015545e+03 -5.449640e+10 9.724600e+01 -1.056078e+04 4.862651e+01 -4.766012e+03 1.279829e+04 1.258648e+04 9.187700e+05 -6.234495e+10 2.455800e+04 -5.230421e+06 9.852772e+02 -1.394824e+05  1  0  0
1.192845e+04 1.190227e+04 5.771711e+03 -5.342682e+10 6.817726e+01 -6.889402e+03 4.139698e+01 -3.481588e+03 1.207617e+04 1.197203e+04 1.956895e+05 -5.490870e+10 9.884800e+03 -1.974997e+06 9.659033e+02 -1.584254e+05  1  0  0
1.182327e+04 1.182531e+04 4.820034e+02 -5.243709e+10 1.168673e+02 -1.304157e+04 5.605952e+01 -5.085400e+03 1.227010e+04 1.196926e+04 4.819322e+05 -5.689874e+10 8.646746e+03 -1.637089e+06 7.748244e+02 -1.083092e+05  1  0  0
1.180989e+04 1.180639e+04 8.058628e+02 -5.231234e+10 1.039043e+02 -1.012224e+04 4.823637e+01 -4.687455e+03 1.220844e+04 1.198418e+04 6.051981e+05 -5.635138e+10 1.871792e+04 -3.788599e+06 1.008662e+03 -1.751882e+05  1  0  0
1.191046e+04 1.191270e+04 8.103832e+03 -5.325825e+10 1.510934e+02 -1.846081e+04 4.221985e+01 -3.628919e+03 1.196786e+04 1.178430e+04 3.410666e+05 -5.393836e+10 2.259210e+04 -4.802696e+06 4.621680e+02 -8.540209e+04  1  0  0
1.207533e+04 1.208318e+04 4.660737e+03 -5.482153e+10 2.586876e+02 -3.202082e+04 4.442510e+01 -3.766407e+03 1.211116e+04 1.192763e+04 3.480550e+05 -5.530731e+10 1.325964e+04 -2.757969e+06 1.171582e+03 -1.725645e+05  1  0  0
1.198071e+04 1.195182e+04 4.742142e+03 -5.392068e+10 1.524269e+02 -1.730179e+04 3.722945e+01 -2.947633e+03 1.229759e+04 1.220173e+04 2.212717e+05 -5.705854e+10 6.847786e+03 -1.376932e+06 7.256463e+02 -1.080751e+05  1  0  0
1.191841e+04 1.192576e+04 1.063666e+03 -5.333018e+10 1.288476e+02 -1.384636e+04 4.186076e+01 -3.539365e+03 1.192081e+04 1.193042e+04 1.273579e+04 -5.335769e+10 2.758174e+02 -3.677464e+04 9.397027e+01 -9.348062e+03  1  0  0
1.200916e+04 1.197724e+04 3.854655e+03 -5.419035e+10 1.436400e+02 -1.559716e+04 4.119764e+01 -3.224063e+03 1.372871e+04 1.408704e+04 1.823528e+06 -7.259037e+10 9.166797e+03 -1.755608e+06 1.736141e+03 -2.796376e+05  1  0  0
1.194554e+04 1.195024e+04 5.494640e+02 -5.358602e+10 1.152670e+02 -1.201531e+04 5.289539e+01 -4.984355e+03 1.365800e+04 1.346095e+04 1.352344e+06 -7.161745e+10 8.043970e+03 -1.511688e+06 1.167658e+03 -1.716339e+05  1  0  0
1.193364e+04 1.193261e+04 6.489329e+02 -5.347369e+10 1.226614e+02 -1.428636e+04 6.764600e+01 -6.592109e+03 1.303271e+04 1.262307e+04 7.299408e+05 -6.467996e+10 9.284577e+03 -1.750964e+06 5.543381e+02 -7.685960e+04  1  0  0
1.192103e+04 1.191610e+04 1.220836e+03 -5.335495e+10 1.291940e+02 -1.396204e+04 3.197932e+01 -2.571224e+03 1.256587e+04 1.239168e+04 4.666669e+05 -5.980981e+10 9.458528e+03 -1.765224e+06 6.324467e+02 -9.738101e+04  1  0  0
1.198961e+04 1.197039e+04 5.820393e+03 -5.400550e+10 7.121426e+01 -6.567595e+03 4.585757e+01 -5.260041e+03 1.231369e+04 1.239635e+04 4.496335e+05 -5.731025e+10 1.084395e+04 -2.133374e+06 1.353921e+03 -2.120245e+05  1  0  0
1.213319e+04 1.212921e+04 3.364407e+03 -5.537578e+10 1.623337e+02 -2.005238e+04 5.740373e+01 -5.865998e+03 1.187136e+04 1.164423e+04 2.239477e+05 -5.297997e+10 1.292153e+04 -2.642479e+06 4.056634e+02 -6.836711e+04  1  0  0
1.217558e+04 1.218502e+04 1.788371e+03 -5.578339e+10 6.906997e+01 -7.726271e+03 3.154196e+01 -2.545164e+03 1.220332e+04 1.208724e+04 4.301319e+05 -5.622922e+10 7.970989e+03 -1.549844e+06 4.167765e+02 -5.979861e+04  1  0  0
1.207718e+04 1.206406e+04 5.020909e+03 -5.483942e+10 1.232770e+02 -1.259608e+04 4.161562e+01 -3.604144e+03 1.309415e+04 1.298236e+04 1.938511e+05 -6.509677e+10 2.757851e+03 -4.659533e+05 2.879274e+02 -3.545091e+04  1  0  0
1.193420e+04 1.191773e+04 3.992104e+03 -5.348035e+10 9.269593e+01 -9.600545e+03 6.834208e+01 -6.476761e+03 1.314868e+04 1.302315e+04 4.859006e+05 -6.579026e+10 2.382416e+04 -4.865923e+06 1.385886e+03 -2.053356e+05  1  0  0
1.187335e+04 1.186880e+04 6.283897e+02 -5.290614e+10 1.891964e+02 -2.035698e+04 2.178499e+01 -1.544933e+03 1.252028e+04 1.244266e+04 4.473561e+05 -5.934698e+10 2.080736e+04 -4.354757e+06 1.483498e+03 -2.319405e+05  1  0  0
1.189329e+04 1.189154e+04 9.231791e+02 -5.309369e+10 1.087705e+02 -1.142297e+04 5.146444e+01 -4.386836e+03 1.214914e+04 1.199632e+04 5.248314e+05 -5.574578e+10 1.066548e+04 -2.020640e+06 9.842727e+02 -1.495635e+05  1  0  0
1.195071e+04 1.195110e+04 2.023269e+03 -5.363553e+10 1.524033e+02 -1.755253e+04 4.976038e+01 -4.460568e+03 1.229871e+04 1.232575e+04 1.511985e+06 -5.760630e+10 4.348580e+04 -9.860423e+06 9.576313e+02 -1.456376e+05  1  0  0
1.197121e+04 1.195711e+04 1.491262e+03 -5.382932e+10 1.966883e+02 -2.156579e+04 6.159657e+01 -6.060105e+03 1.316117e+04 1.273035e+04 2.637942e+06 -6.681996e+10 5.828963e+04 -1.341330e+07 1.537458e+03 -2.453934e+05  1  0  0
1.187514e+04 1.188762e+04 1.109983e+04 -5.292728e+10 2.998127e+02 -3.595119e+04 5.672514e+01 -5.308461e+03 1.281365e+04 1.280278e+04 1.216113e+04 -6.212306e+10 8.365360e+01 -8.435044e+03 1.246560e+01 -7.710802e+02  0  1  0
1.193098e+04 1.197578e+04 2.102259e+04 -5.345705e+10 6.296859e+02 -9.604383e+04 1.950217e+01 -1.865719e+03 1.258862e+04 1.257435e+04 8.399132e+03 -5.984647e+10 5.730489e+01 -4.895668e+03 2.528402e+01 -2.035521e+03  0  1  0
1.197165e+04 1.211908e+04 6.319019e+04 -5.385896e+10 8.227092e+02 -1.232258e+05 9.496169e+01 -9.796805e+03 1.251574e+04 1.249089e+04 3.869200e+03 -5.911731e+10 8.964228e+01 -9.809098e+03 1.470958e+01 -1.311228e+03  0  1  0
1.194506e+04 1.205287e+04 1.695872e+05 -5.365141e+10 4.655081e+02 -6.130509e+04 1.796258e+02 -1.991955e+04 1.266404e+04 1.260976e+04 2.866924e+04 -6.061250e+10 3.496057e+01 -2.953014e+03 2.344539e+01 -1.746243e+03  0  1  0
1.171133e+04 1.188119e+04 1.612354e+05 -5.146309e+10 2.481538e+03 -4.198348e+05 2.319858e+02 -2.758028e+04 1.284442e+04 1.283648e+04 3.883229e+03 -6.243412e+10 5.947356e+01 -6.983536e+03 3.736963e+01 -3.180889e+03  0  1  0
1.113006e+04 1.121481e+04 6.550006e+05 -4.643816e+10 8.567543e+03 -1.776081e+06 6.179675e+02 -9.272015e+04 1.272798e+04 1.274008e+04 1.299195e+04 -6.125210e+10 7.399914e+01 -8.188330e+03 9.300411e+01 -9.375459e+03  0  1  0
1.137698e+04 1.062921e+04 1.885974e+06 -4.913127e+10 1.172943e+04 -2.447517e+06 5.285727e+02 -8.155494e+04 1.251741e+04 1.250316e+04 1.930904e+04 -5.914035e+10 8.743461e+01 -8.931379e+03 8.734166e+01 -8.789708e+03  0  1  0
1.210269e+04 1.224877e+04 9.604058e+05 -5.547871e+10 2.116813e+04 -4.650985e+06 7.922896e+02 -1.285385e+05 1.248407e+04 1.248884e+04 4.195996e+03 -5.880287e+10 1.085835e+02 -1.110259e+04 5.699378e+01 -5.630205e+03  0  1  0
1.245958e+04 1.255396e+04 9.598335e+04 -5.859839e+10 4.287148e+02 -5.527307e+04 1.347687e+02 -1.465115e+04 1.252623e+04 1.252013e+04 2.792561e+03 -5.922131e+10 5.027207e+01 -4.720637e+03 2.017491e+01 -1.438019e+03  0  1  0
1.230230e+04 1.231381e+04 3.532263e+04 -5.702718e+10 2.664251e+02 -3.384038e+04 1.140753e+02 -1.178260e+04 1.260832e+04 1.261438e+04 9.945134e+02 -6.004077e+10 6.994459e+01 -6.838662e+03 2.420346e+01 -1.912281e+03  0  1  0
1.217407e+04 1.229938e+04 6.492823e+04 -5.579495e+10 5.740720e+02 -7.757869e+04 8.185778e+01 -8.712884e+03 1.261921e+04 1.261735e+04 1.702570e+02 -6.014972e+10 8.513322e+01 -1.001330e+04 4.064398e+01 -3.546032e+03  0  1  0
1.221786e+04 1.226543e+04 1.608794e+04 -5.619805e+10 2.083281e+02 -2.381182e+04 8.417649e+01 -8.142496e+03 1.261649e+04 1.261488e+04 9.136911e+01 -6.012245e+10 3.563277e+01 -2.875433e+03 1.948185e+01 -1.443630e+03  0  1  0
1.213348e+04 1.223510e+04 6.030955e+04 -5.540214e+10 2.498852e+02 -3.139515e+04 5.409986e+01 -5.016145e+03 1.264200e+04 1.263326e+04 1.946915e+03 -6.037946e+10 6.218509e+01 -5.906146e+03 2.371180e+01 -1.755702e+03  0  1  0
1.236256e+04 1.245211e+04 1.320351e+05 -5.765700e+10 2.058432e+03 -3.799927e+05 7.924713e+01 -8.142222e+03 1.256198e+04 1.254227e+04 1.180120e+03 -5.957717e+10 6.958672e+01 -6.866782e+03 1.331864e+01 -8.272166e+02  0  1  0
1.229015e+04 1.228172e+04 3.467598e+04 -5.690839e+10 2.026010e+02 -2.428512e+04 5.651862e+01 -5.808516e+03 1.267745e+04 1.266463e+04 5.538734e+03 -6.073803e+10 1.753413e+02 -2.003014e+04 3.675953e+01 -3.313074e+03  0  1  0
1.209940e+04 1.211388e+04 1.384726e+04 -5.505577e+10 2.135921e+02 -2.614598e+04 3.893675e+01 -3.904220e+03 1.272125e+04 1.273151e+04 3.107803e+03 -6.117974e+10 7.893675e+01 -8.492398e+03 2.226549e+01 -1.881467e+03  0  1  0
1.194898e+04 1.201699e+04 4.195365e+04 -5.363571e+10 2.370861e+02 -2.892932e+04 4.110196e+01 -3.539550e+03 1.257205e+04 1.255375e+04 7.356818e+03 -5.968029e+10 5.380189e+01 -4.764980e+03 2.236572e+01 -1.949811e+03  0  1  0
1.211262e+04 1.211523e+04 2.086431e+04 -5.518546e+10 3.605026e+02 -4.794630e+04 8.032543e+01 -7.890491e+03 1.252205e+04 1.252324e+04 1.269983e+03 -5.917909e+10 3.113130e+01 -2.710217e+03 1.873610e+01 -1.414109e+03  0  1  0
1.221681e+04 1.222723e+04 4.486878e+03 -5.618316e+10 1.839577e+02 -2.183004e+04 1.578738e+02 -1.733652e+04 1.255005e+04 1.253771e+04 8.092107e+02 -5.945786e+10 7.431865e+01 -7.585774e+03 1.863041e+01 -1.579325e+03  0  1  0
1.219253e+04 1.217944e+04 1.820926e+04 -5.595393e+10 1.085696e+02 -1.158509e+04 8.795666e+01 -9.472449e+03 1.253712e+04 1.253148e+04 8.258908e+02 -5.932898e+10 1.155494e+02 -1.327983e+04 3.226410e+01 -2.690876e+03  0  1  0
1.205830e+04 1.206104e+04 7.413616e+03 -5.465992e+10 5.126383e+02 -6.827314e+04 8.299055e+01 -9.169582e+03 1.261652e+04 1.258717e+04 1.272878e+04 -6.012796e+10 4.011584e+01 -3.232521e+03 3.171885e+01 -2.466962e+03  0  1  0
1.196659e+04 1.197313e+04 3.158633e+04 -5.379802e+10 5.732573e+02 -7.708232e+04 8.906704e+01 -9.321293e+03 1.278530e+04 1.279916e+04 2.348534e+03 -6.182986e+10 9.543083e+01 -9.792767e+03 7.795053e+01 -7.562492e+03  0  1  0
1.200748e+04 1.211497e+04 4.266074e+04 -5.419049e+10 2.306301e+02 -3.118993e+04 7.528220e+01 -6.927965e+03 1.266788e+04 1.262412e+04 1.418832e+04 -6.064519e+10 9.338148e+01 -9.414360e+03 6.030991e+01 -5.668966e+03  0  1  0
1.208761e+04 1.210318e+04 2.286215e+03 -5.493807e+10 2.417923e+02 -2.888153e+04 6.863571e+01 -6.100423e+03 1.251620e+04 1.250372e+04 1.287135e+03 -5.912081e+10 7.978602e+01 -7.802215e+03 2.013362e+01 -1.518639e+03  0  1  0
1.212800e+04 1.215279e+04 2.413972e+03 -5.532550e+10 1.692589e+02 -1.887630e+04 5.606098e+01 -5.645513e+03 1.250280e+04 1.249619e+04 5.569576e+02 -5.898737e+10 7.239404e+01 -7.506417e+03 2.939349e+01 -2.331543e+03  0  1  0
1.203214e+04 1.211160e+04 6.465841e+04 -5.443412e+10 5.477305e+02 -8.378998e+04 9.819525e+01 -1.266312e+04 1.252827e+04 1.252322e+04 3.955936e+02 -5.924061e+10 2.699648e+01 -2.165231e+03 1.353411e+01 -8.044110e+02  0  1  0
1.174301e+04 1.190637e+04 2.437747e+05 -5.179050e+10 4.365286e+03 -8.491655e+05 3.158540e+02 -4.396158e+04 1.277414e+04 1.274548e+04 4.872069e+03 -6.171737e+10 4.398901e+01 -3.872498e+03 2.023640e+01 -1.440163e+03  0  1  0
1.192079e+04 1.210202e+04 3.393617e+05 -5.349253e+10 8.903051e+03 -1.730222e+06 2.998086e+02 -3.944033e+04 1.276660e+04 1.275981e+04 1.305289e+03 -6.163915e+10 7.085716e+01 -7.287224e+03 8.234561e+00 -4.724121e+02  0  1  0
1.217532e+04 1.220301e+04 5.662813e+04 -5.580362e+10 6.571498e+03 -1.370974e+06 1.811895e+03 -3.544658e+05 1.275481e+04 1.275462e+04 5.368464e+02 -6.151906e+10 4.372691e+01 -3.802679e+03 1.169831e+01 -9.756974e+02  0  1  0
1.206603e+04 1.224382e+04 1.819895e+05 -5.480590e+10 9.276467e+02 -1.460247e+05 2.627638e+02 -3.369002e+04 1.274166e+04 1.272760e+04 5.867708e+03 -6.138784e+10 6.601409e+01 -6.360584e+03 3.478534e+01 -2.734919e+03  0  1  0
1.204452e+04 1.225149e+04 1.931521e+05 -5.460526e+10 4.856949e+03 -9.423336e+05 4.500726e+01 -3.840215e+03 1.270033e+04 1.267192e+04 6.107359e+03 -6.096938e+10 7.918541e+01 -7.932574e+03 2.480460e+01 -1.881914e+03  0  1  0
1.203597e+04 1.221883e+04 1.470519e+05 -5.450469e+10 3.300347e+03 -6.098609e+05 1.377181e+02 -1.738500e+04 1.267207e+04 1.266316e+04 3.902075e+03 -6.068316e+10 1.186279e+02 -1.367666e+04 1.322571e+01 -8.216171e+02  0  1  0
1.195648e+04 1.219513e+04 2.163142e+05 -5.377866e+10 4.005190e+03 -7.733288e+05 7.183567e+02 -1.096328e+05 1.276291e+04 1.278638e+04 1.215116e+04 -6.160623e+10 1.013875e+02 -1.130559e+04 1.919722e+01 -1.467176e+03  0  1  0
1.194819e+04 1.222322e+04 2.668960e+05 -5.372112e+10 2.907756e+03 -5.268572e+05 8.957197e+02 -1.349314e+05 1.289428e+04 1.286201e+04 9.304907e+03 -6.294781e+10 1.377895e+02 -1.516532e+04 4.157557e+01 -3.605880e+03  0  1  0
1.198119e+04 1.221671e+04 2.722737e+05 -5.403578e+10 5.555890e+03 -1.064470e+06 1.917748e+02 -2.266426e+04 1.298018e+04 1.297822e+04 1.473323e+04 -6.383626e+10 1.651401e+02 -1.794167e+04 3.676972e+01 -2.962761e+03  0  1  0
1.211512e+04 1.224867e+04 1.289764e+05 -5.525417e+10 3.251204e+03 -6.143630e+05 2.252894e+02 -2.806256e+04 1.292529e+04 1.292568e+04 4.435818e+03 -6.326488e+10 1.349866e+02 -1.436343e+04 3.118633e+01 -2.713982e+03  0  1  0
1.199753e+04 1.199430e+04 1.980765e+04 -5.408650e+10 1.647506e+02 -1.868330e+04 6.052879e+01 -5.776932e+03 1.274736e+04 1.271097e+04 9.749258e+03 -6.144721e+10 7.182307e+01 -6.572327e+03 9.933565e+00 -6.253736e+02  0  1  0
1.193652e+04 1.197744e+04 1.890727e+04 -5.350841e+10 1.821857e+02 -2.184108e+04 3.912952e+01 -4.125981e+03 1.270656e+04 1.267853e+04 5.420860e+03 -6.103203e+10 5.537800e+01 -5.165336e+03 2.907181e+01 -2.227031e+03  0  1  0
1.198350e+04 1.196040e+04 1.219849e+04 -5.395017e+10 2.521051e+02 -2.995490e+04 8.034623e+01 -7.844953e+03 1.278446e+04 1.276150e+04 5.568704e+03 -6.182265e+10 9.756506e+01 -9.976597e+03 3.084192e+01 -2.685439e+03  0  1  0